103101 03 17 19 22 38
103102 03 08 21 25 33
103103 05 06 23 26 29
103104 10 17 22 34 39
103105 01 08 11 14 38
103106 03 13 14 23 37
103107 04 08 13 21 37
103108 05 06 23 24 39
103109 12 19 21 36 39
103110 01 09 27 28 36
103111 05 25 34 36 39
103112 01 08 17 36 37
103113 06 09 11 14 24
103114 05 06 12 16 31
103115 03 14 18 28 38
103116 06 13 21 34 35
103117 07 09 28 31 33
103118 03 13 17 25 37
103119 07 08 18 19 27
103120 12 19 30 32 35
103121 05 07 11 20 29
103122 10 13 29 31 32
103123 05 16 18 20 21
103124 02 16 27 37 38
103125 02 05 12 19 38
103126 13 27 31 35 39
103127 02 08 12 20 27
103128 07 22 23 25 28
103129 01 07 15 18 31
103130 09 12 16 26 31
103131 11 13 26 34 36
103132 01 03 26 38 39
103133 04 10 13 29 32
103134 12 18 24 28 38
103135 05 07 18 30 34
103136 04 18 26 27 30
103137 01 07 16 17 32
103138 14 15 16 29 31
103139 01 11 13 17 31
103140 04 12 14 34 35
103141 12 19 35 37 38
103142 11 20 23 37 38
103143 02 14 16 36 39
103144 05 12 13 22 36
103145 04 12 17 23 25
103146 01 19 30 34 39
103147 04 10 16 24 25
103148 02 04 18 20 29
103149 05 12 19 34 36
103150 02 15 27 28 38
103151 04 13 14 30 31
103152 02 10 11 12 30
103153 25 32 35 36 39
103154 02 06 10 20 30
103155 06 13 30 34 39
103156 13 23 28 29 31
103157 08 10 26 34 37
103158 02 16 19 23 28
103159 04 09 22 32 35
103160 09 13 17 18 33
103161 02 13 15 29 35
103162 09 11 13 19 30
103163 01 15 16 17 35
103164 03 13 20 27 32
103165 03 23 25 34 37
103166 05 21 32 33 35
103167 05 10 15 17 26
103168 14 19 25 27 28
103169 14 18 21 26 32
103170 03 09 11 14 34
103171 05 09 25 34 36
103172 03 15 18 27 35
103173 01 07 13 19 37
103174 06 27 28 35 38
103175 02 07 11 12 34
103176 03 10 13 25 39
103177 02 10 17 20 29
103178 02 05 12 17 33
103179 07 11 25 26 28
103180 02 04 26 32 35
103181 12 23 28 37 39
103182 01 06 20 24 33
103183 05 09 16 18 31
103184 05 15 24 26 29
103185 10 12 20 23 27
103186 01 11 16 32 39
103187 06 08 11 15 38
103188 10 17 18 37 39
103189 08 18 27 31 34
103190 13 20 25 28 30
103191 05 18 20 28 38
103192 03 14 23 24 37
103193 12 16 23 30 32
103194 19 21 29 32 34
103195 03 07 12 20 39
103196 06 10 16 22 26
103197 09 18 19 20 35
103198 12 15 32 34 38
103199 09 15 26 37 39
103200 10 23 29 34 36
103201 03 04 18 37 38
103202 08 09 11 17 30
103203 03 10 13 23 34
103204 15 19 28 36 39
103205 10 17 18 23 34
103206 05 10 22 24 36
103207 04 05 11 16 20
103208 20 23 25 26 37
103209 02 11 15 25 33
103210 16 19 24 31 38
103211 10 17 25 33 34
103212 13 14 15 27 30
103213 13 15 20 32 37
103214 14 18 31 34 38
103215 04 17 20 30 39
103216 02 07 19 25 39
103217 03 10 11 16 17
103218 18 20 23 32 35
103219 03 13 17 20 31
103220 08 24 27 31 37
103221 05 13 14 16 18
103222 13 17 23 35 36
103223 01 10 15 26 38
103224 01 15 22 23 38
103225 07 10 12 18 36
103226 03 13 15 27 36
103227 03 04 05 07 37
103228 05 07 08 09 17
103229 17 28 29 30 38
103230 13 14 27 28 39
103231 04 26 28 38 39
103232 05 12 14 15 23
103233 02 03 16 22 27
103234 05 08 14 27 28
103235 12 17 22 37 38
103236 04 17 36 37 39
103237 04 05 23 35 36
103238 05 14 16 22 33
103239 20 21 25 27 36
103240 04 05 19 20 22
103241 02 05 06 17 32
103242 09 13 18 23 32
103243 11 19 31 35 36
103244 05 06 09 10 22
103245 04 14 21 27 35
103246 05 14 21 33 35
103247 06 09 18 29 30
103248 01 12 26 29 32
103249 18 19 24 35 37
103250 09 14 23 31 36
103251 04 09 23 32 33
103252 02 06 19 22 33
103253 15 19 28 29 39
103254 03 05 14 18 19
103255 07 12 25 33 37
103256 05 10 27 31 39
103257 02 03 05 23 37
103258 05 10 27 29 30
103259 07 15 18 20 34
103260 08 09 14 31 34
103261 06 11 18 27 38
103262 11 17 34 36 37
103263 05 12 28 29 34
103264 09 11 16 36 37
103265 03 08 29 34 38
103266 05 13 26 27 28
103267 13 17 27 34 36
103268 16 20 24 26 38
103269 11 19 25 37 39
103270 08 13 20 30 34
103271 05 06 09 12 20
103272 08 21 27 30 37
103273 01 04 19 22 33
103274 16 21 25 27 37
103275 08 16 18 19 31
103276 14 19 23 25 26
103277 23 27 29 32 36
103278 07 11 25 30 38
103279 02 24 36 37 38
103280 05 09 10 22 25
103281 10 18 25 26 39
103282 03 08 14 32 37
103283 04 05 07 15 36
103284 02 14 19 20 35
103285 23 26 30 34 39
103286 02 16 18 23 30
103287 10 12 20 27 37
103288 17 19 22 24 37
103289 09 20 21 23 35
103290 11 16 18 19 28
103291 14 16 20 25 36
103292 01 14 18 32 37
103293 02 08 24 27 35
103294 04 09 13 21 32
103295 03 11 30 33 39
103296 11 13 32 33 37
103297 03 17 24 36 38
103298 17 22 25 35 37
103299 17 20 23 26 35
103300 04 21 22 24 34
103301 02 04 25 26 36
103302 04 05 16 23 32
103303 10 15 17 22 27
103304 04 15 17 21 22
103305 06 08 17 27 29
103306 11 18 21 30 38
103307 08 19 24 33 36
103308 16 21 26 28 29
103309 07 27 31 33 34
103310 11 16 28 32 34
103311 07 19 20 26 39
103312 04 05 21 24 26
103313 05 19 26 30 33
104001 10 11 21 26 32
104002 07 09 18 28 30
104003 09 14 28 31 32
104004 09 10 16 24 28
104005 16 19 20 26 36
104006 12 13 14 36 37
104007 12 15 21 26 29
104008 01 08 09 11 17
104009 04 12 26 31 37
104010 07 15 24 34 37
104011 12 13 26 33 39
104012 05 12 19 30 35
104013 09 11 12 17 34
104014 05 09 16 28 33
104015 04 13 23 32 39
104016 10 12 29 37 38
104017 02 14 17 28 32
104018 02 16 18 32 35
104019 01 11 15 24 32
104020 06 07 08 10 16
104021 05 07 12 13 15
104022 01 02 09 10 21
104023 09 16 17 21 28
104024 01 05 17 27 30
104025 02 06 09 10 26
104026 05 13 28 29 36
104027 04 06 16 35 37
104028 13 17 23 29 39
104029 09 17 22 23 29
104030 01 13 28 35 36
104031 07 10 20 23 36
104032 02 14 25 30 31
104033 04 06 16 21 31
104034 12 25 26 28 39
104035 07 15 17 22 25
104036 05 06 15 23 29
104037 02 07 20 25 32
104038 01 04 16 23 33
104039 04 05 08 20 33
104040 02 14 20 27 31
104041 01 04 17 22 29
104042 07 12 17 25 30
104043 03 12 21 26 30
104044 09 10 15 19 24
104045 02 15 18 26 31
104046 04 23 24 25 38
104047 11 12 14 23 27
104048 05 11 25 26 38
104049 08 18 29 36 39
104050 01 12 16 30 33
104051 08 09 11 23 28
104052 10 15 19 23 27
104053 23 32 33 35 36
104054 03 11 20 29 35
104055 09 20 26 31 38
104056 01 02 10 11 26
104057 03 16 17 31 33
104058 12 16 20 28 38
104059 17 26 34 36 37
104060 10 15 29 33 37
104061 03 13 18 21 31
104062 29 30 31 32 33
104063 06 11 15 38 39
104064 03 15 18 19 35
104065 03 16 34 37 38
104066 06 21 26 27 32
104067 13 31 34 35 36
104068 06 10 17 22 27
104069 01 05 08 10 28
104070 03 07 13 16 30
104071 01 03 19 26 35
104072 05 07 19 32 36
104073 05 11 16 23 25
104074 05 09 12 27 29
104075 06 11 18 21 33
104076 03 12 22 26 34
104077 12 20 23 30 33
104078 01 02 05 07 36
104079 01 18 24 28 35
104080 11 12 13 33 38
104081 02 09 12 18 35
104082 10 12 18 21 27
104083 12 23 25 26 30
104084 05 11 13 22 37
104085 15 20 22 30 37
104086 03 09 14 18 30
104087 08 17 25 33 37
104088 01 03 10 12 34
104089 02 09 13 34 36
104090 06 17 32 33 38
104091 06 07 12 14 24
104092 04 12 24 36 39
104093 07 18 21 30 32
104094 01 05 07 14 17
104095 01 05 07 13 39
104096 12 16 21 34 35
104097 05 09 22 31 35
104098 02 17 19 29 33
104099 27 29 31 37 38
104100 12 13 17 22 32
104101 02 12 13 16 39
104102 01 07 24 29 38
104103 01 05 06 15 28
104104 04 05 11 13 18
104105 18 21 23 35 37
104106 06 11 21 25 28
104107 12 17 28 30 33
104108 03 15 17 23 27
104109 13 17 21 23 31
104110 01 14 16 33 35
104111 03 10 24 26 38
104112 09 12 17 18 24
104113 20 26 27 38 39
104114 07 09 20 23 33
104115 16 17 31 36 37
104116 06 16 23 28 32
104117 03 04 27 31 34
104118 04 16 25 26 35
104119 01 02 14 16 23
104120 05 06 07 12 27
104121 02 05 22 24 26
104122 16 17 18 27 30
104123 03 23 24 27 33
104124 11 12 23 28 30
104125 09 21 22 35 37
104126 04 06 11 36 37
104127 09 16 18 26 34
104128 08 10 27 35 36
104129 04 17 19 24 37
104130 02 10 20 28 39
104131 02 05 23 32 37
104132 13 18 22 29 32
104133 07 10 18 19 20
104134 05 17 24 29 37
104135 02 06 22 26 39
104136 05 23 28 31 32
104137 21 26 35 38 39
104138 05 29 30 32 34
104139 01 17 20 26 27
104140 10 16 28 30 31
104141 03 04 10 14 18
104142 04 27 35 37 39
104143 01 21 30 38 39
104144 08 13 14 16 30
104145 01 14 23 30 31
104146 11 12 23 24 26
104147 03 13 23 32 33
104148 06 12 14 29 30
104149 10 14 20 26 27
104150 08 14 24 29 39
104151 06 08 19 26 29
104152 01 04 10 33 39
104153 09 12 20 30 39
104154 17 22 25 31 35
104155 07 10 16 26 34
104156 02 03 11 28 38
104157 05 11 18 19 30
104158 09 14 17 25 33
104159 18 23 29 33 36
104160 03 14 24 33 39
104161 05 23 25 28 36
104162 10 12 13 34 38
104163 05 23 27 29 32
104164 01 02 14 15 25
104165 03 06 11 16 23
104166 01 14 16 24 29
104167 08 15 32 33 37
104168 20 26 28 34 39
104169 09 21 26 37 39
104170 03 08 15 23 26
104171 16 21 27 36 38
104172 10 31 35 37 38
104173 03 11 15 18 39
104174 04 14 19 20 37
104175 19 29 30 31 39
104176 05 19 27 28 31
104177 02 09 14 17 26
104178 03 05 09 13 30
104179 11 12 14 29 32
104180 08 21 32 33 35
104181 10 18 25 28 29
104182 14 16 32 36 38
104183 09 10 22 27 32
104184 01 15 20 21 24
104185 05 10 17 29 37
104186 05 10 27 30 31
104187 01 09 18 27 39
104188 02 04 23 25 36
104189 06 10 11 20 39
104190 05 24 26 27 30
104191 05 07 09 13 35
104192 09 11 23 26 32
104193 08 12 13 31 38
104194 04 06 16 17 33
104195 03 10 15 19 31
104196 06 15 28 30 31
104197 04 13 17 30 34
104198 01 04 35 36 39
104199 03 12 15 24 25
104200 17 19 25 28 38
104201 05 11 22 25 28
104202 08 22 25 28 33
104203 04 06 07 30 35
104204 10 17 22 24 30
104205 10 20 22 30 33
104206 04 06 18 20 29
104207 06 26 27 29 36
104208 02 11 33 34 36
104209 17 23 28 29 31
104210 02 12 27 28 31
104211 02 04 06 14 18
104212 07 12 13 24 32
104213 15 16 19 23 36
104214 20 21 23 25 36
104215 08 13 18 34 39
104216 08 13 21 24 38
104217 06 13 18 34 39
104218 03 13 27 34 39
104219 01 10 28 30 34
104220 01 05 07 14 24
104221 02 08 22 25 36
104222 02 03 25 26 39
104223 09 18 25 27 38
104224 01 02 23 27 30
104225 06 18 22 33 37
104226 01 10 18 27 31
104227 02 04 11 22 30
104228 08 09 16 31 33
104229 04 15 18 37 39
104230 02 21 23 35 37
104231 03 08 29 33 38
104232 01 03 25 29 32
104233 05 12 15 29 32
104234 09 19 21 22 36
104235 02 07 19 21 39
104236 01 04 13 20 35
104237 02 13 25 26 31
104238 07 08 14 17 34
104239 03 14 17 19 24
104240 07 11 28 36 38
104241 10 15 33 34 39
104242 07 10 12 26 39
104243 19 27 28 30 39
104244 10 20 25 37 39
104245 08 14 22 31 39
104246 02 04 10 22 36
104247 10 12 20 23 31
104248 22 31 32 33 39
104249 03 19 25 37 39
104250 10 22 24 34 37
104251 01 07 23 25 28
104252 01 06 19 23 25
104253 14 15 22 30 33
104254 08 11 19 23 39
104255 06 15 18 21 37
104256 01 06 15 16 36
104257 09 13 21 28 32
104258 08 12 14 21 39
104259 07 20 24 26 27
104260 04 25 28 29 35
104261 01 04 09 16 31
104262 03 07 22 33 34
104263 04 27 37 38 39
104264 18 19 25 31 37
104265 06 11 23 32 38
104266 03 18 22 27 35
104267 03 13 14 25 37
104268 01 11 17 20 38
104269 02 03 11 31 39
104270 01 06 15 22 33
104271 08 10 11 13 21
104272 09 11 13 26 30
104273 01 05 07 21 29
104274 01 08 15 25 31
104275 10 11 13 23 25
104276 02 11 12 16 31
104277 08 13 27 33 39
104278 03 04 17 32 34
104279 09 12 15 22 35
104280 04 13 22 25 34
104281 03 09 10 35 37
104282 02 06 09 19 22
104283 02 03 10 20 27
104284 13 20 21 30 39
104285 03 10 12 28 37
104286 06 13 15 19 34
104287 04 14 19 20 23
104288 06 08 16 33 37
104289 05 10 12 21 24
104290 06 10 19 28 34
104291 11 12 14 36 38
104292 10 21 30 34 38
104293 14 24 27 36 39
104294 02 16 21 22 23
104295 05 08 32 36 38
104296 10 23 24 26 37
104297 04 07 08 28 39
104298 01 05 17 26 34
104299 07 28 30 36 38
104300 13 18 21 30 36
104301 01 15 26 34 37
104302 04 07 18 30 34
104303 01 13 20 22 32
104304 07 10 14 15 23
104305 04 08 16 31 34
104306 01 03 11 23 39
104307 09 14 21 26 28
104308 16 22 26 30 32
104309 01 08 19 20 24
104310 03 05 23 34 37
104311 10 17 22 38 39
104312 09 14 26 34 35
104313 07 18 22 35 38
105001 01 02 14 15 16
105002 09 17 25 28 29
105003 03 06 07 12 15
105004 19 20 24 36 37
105005 03 05 25 31 36
105006 02 04 08 09 23
105007 06 10 25 28 31
105008 05 07 16 18 29
105009 09 14 24 25 38
105010 04 17 23 31 39
105011 02 13 20 24 39
105012 06 11 23 24 35
105013 01 04 05 08 37
105014 05 20 26 31 36
105015 04 12 16 18 23
105016 04 05 08 21 34
105017 12 16 18 21 24
105018 01 08 16 21 37
105019 03 18 27 31 35
105020 06 09 10 18 37
105021 11 16 23 29 30
105022 07 09 18 19 33
105023 04 09 10 19 36
105024 05 07 13 27 29
105025 06 08 20 29 32
105026 04 05 20 21 29
105027 15 17 21 23 35
105028 02 06 15 20 38
105029 06 07 17 35 39
105030 17 18 26 29 36
105031 15 31 32 34 35
105032 01 13 20 37 39
105033 08 21 24 28 33
105034 02 10 34 35 38
105035 07 08 12 35 36
105036 11 17 27 30 33
105037 10 14 17 30 39
105038 01 02 15 17 25
105039 05 06 30 33 39
105040 25 30 33 34 35
105041 06 16 20 34 37
105042 18 22 27 36 38
105043 02 03 08 25 32
105044 01 03 04 27 38
105045 14 17 33 34 36
105046 02 17 27 28 31
105047 10 12 20 23 35
105048 14 20 34 36 37
105049 03 10 15 25 28
105050 05 06 09 18 20
105051 02 04 09 26 36
105052 13 18 21 22 30
105053 01 09 13 27 31
105054 05 14 18 22 23
105055 06 08 15 29 37
105056 01 10 16 22 39
105057 03 06 14 20 26
105058 03 29 30 32 38
105059 05 13 36 38 39
105060 22 27 30 31 34
105061 02 16 25 28 33
105062 23 26 30 35 37
105063 11 15 25 28 33
105064 15 26 32 38 39
105065 28 30 32 33 38
105066 06 27 28 32 37
105067 06 10 20 23 35
105068 06 07 22 29 39
105069 03 06 08 14 18
105070 02 12 14 29 32
105071 02 07 17 19 27
105072 01 07 10 35 37
105073 12 14 18 22 30
105074 05 08 09 15 17
105075 03 10 19 28 32
105076 02 03 09 20 30
105077 02 04 05 27 33
105078 11 12 25 33 36
105079 02 19 20 24 25
105080 07 12 15 21 22
105081 05 18 32 38 39
105082 20 21 22 23 34
105083 04 06 09 11 35
105084 04 13 23 25 29
105085 01 13 18 19 21
105086 08 10 16 35 38
105087 01 06 18 24 32
105088 02 15 16 19 31
105089 03 05 17 18 24
105090 11 15 31 32 39
105091 05 14 15 22 36
105092 07 08 11 25 38
105093 06 07 09 20 33
105094 01 13 17 21 25
105095 09 16 19 28 34
105096 02 07 10 20 23
105097 05 06 08 23 33
105098 05 21 28 37 38
105099 01 22 27 29 30
105100 01 03 19 28 37
105101 03 05 11 14 34
105102 09 10 20 22 28
105103 07 15 21 22 38
105104 10 13 22 29 30
105105 08 13 16 21 36
105106 01 05 07 09 11
105107 08 13 17 31 32
105108 02 11 29 34 38
105109 19 22 35 36 38
105110 04 20 24 25 35
105111 01 04 17 18 24
105112 13 28 33 36 39
105113 02 07 27 33 38
105114 08 12 21 27 33
105115 03 05 21 26 29
105116 14 15 18 23 34
105117 14 17 27 28 34
105118 07 08 09 27 33
105119 09 16 19 25 26
105120 07 21 24 34 39
105121 04 09 23 31 36
105122 10 22 26 35 38
105123 14 17 27 32 36
105124 15 17 25 33 34
105125 01 04 13 32 33
105126 04 11 21 24 28
105127 02 05 08 10 22
105128 15 25 31 35 36
105129 03 09 17 26 27
105130 01 04 10 17 38
105131 15 16 21 23 39
105132 02 05 08 09 24
105133 07 25 27 28 35
105134 09 11 16 20 28
105135 04 05 13 15 37
105136 15 20 25 29 35
105137 07 15 23 31 34
105138 06 11 17 33 36
105139 18 21 26 30 33
105140 01 25 29 31 35
105141 02 05 06 09 10
105142 02 06 17 21 23
105143 05 16 31 35 38
105144 01 03 14 16 25
105145 07 12 18 22 33
105146 15 20 23 36 38
105147 17 18 25 28 37
105148 06 14 21 32 34
105149 04 11 16 31 32
105150 09 10 11 12 15
105151 05 10 11 16 23
105152 10 16 18 28 29
105153 13 26 29 31 33
105154 03 05 07 20 29
105155 04 10 13 31 38
105156 04 15 18 32 38
105157 07 14 25 27 36
105158 03 15 20 28 37
105159 09 28 32 36 37
105160 09 10 17 19 25
105161 08 11 31 32 34
105162 09 17 19 25 27
105163 24 25 26 29 32
105164 10 12 17 21 27
105165 08 09 11 20 35
105166 05 22 30 37 39
105167 01 02 05 17 25
105168 01 25 29 34 39
105169 07 16 25 32 33
105170 09 10 17 34 39
105171 06 19 25 28 38
105172 11 12 21 23 38
105173 01 11 15 27 33
105174 02 22 30 33 36
105175 02 04 10 18 30
105176 02 07 09 10 12
105177 08 14 22 25 27
105178 01 09 10 27 39
105179 02 14 21 32 34
105180 02 03 09 26 31
105181 03 27 32 35 39
105182 11 17 19 23 29
105183 05 09 22 23 38
105184 05 10 22 23 31
105185 11 22 25 32 36
105186 12 16 19 25 31
105187 03 11 24 35 36
105188 01 02 03 11 34
105189 03 12 30 36 37
105190 05 11 19 27 29
105191 14 15 28 29 30
105192 02 11 14 21 34
105193 04 09 18 26 34
105194 04 06 12 16 39
105195 16 24 29 30 36
105196 02 04 20 28 32
105197 11 13 18 19 39
105198 20 21 24 28 39
105199 04 11 13 20 35
105200 01 05 17 28 32
105201 04 09 15 22 27
105202 05 21 24 25 27
105203 01 13 35 38 39
105204 01 12 13 22 29
105205 07 10 18 35 36
105206 02 25 28 34 35
105207 10 13 17 28 36
105208 08 15 16 21 26
105209 08 09 17 21 37
105210 05 07 11 16 26
105211 04 05 06 19 30
105212 08 14 18 23 30
105213 08 11 28 30 33
105214 04 20 30 32 35
105215 02 14 15 27 37
105216 02 07 26 32 37
105217 11 16 18 23 30
105218 11 17 25 31 37
105219 06 12 21 26 29
105220 04 10 26 31 32
105221 11 15 16 29 38
105222 07 19 21 25 35
105223 06 08 12 13 29
105224 02 04 12 17 22
105225 07 16 18 24 35
105226 04 21 25 37 39
105227 05 09 11 20 29
105228 04 10 17 25 31
105229 05 08 09 20 24
105230 04 20 25 27 33
105231 10 14 20 31 32
105232 07 11 12 18 38
105233 10 11 14 27 38
105234 06 10 12 16 23
105235 18 20 32 34 35
105236 03 10 12 15 19
105237 04 17 19 24 30
105238 12 21 28 35 39
105239 09 15 22 27 32
105240 01 17 25 26 35
105241 06 08 15 16 19
105242 07 15 22 27 37
105243 16 20 31 35 38
105244 08 13 26 35 36
105245 02 07 21 22 35
105246 04 11 17 22 24
105247 02 12 15 21 22
105248 07 21 22 31 32
105249 09 11 27 34 39
105250 07 17 22 35 39
105251 03 15 17 22 27
105252 05 19 25 33 37
105253 03 15 28 33 34
105254 13 16 31 36 37
105255 08 10 19 27 31
105256 03 09 12 26 29
105257 01 10 25 32 34
105258 16 23 27 33 39
105259 12 20 28 30 32
105260 11 15 19 21 28
105261 01 03 13 17 31
105262 02 15 22 27 32
105263 17 28 29 36 38
105264 03 06 09 14 39
105265 31 32 34 37 38
105266 03 15 18 22 38
105267 10 22 30 32 34
105268 04 13 17 26 36
105269 01 07 12 26 32
105270 03 05 09 17 35
105271 05 08 13 15 20
105272 10 12 15 29 32
105273 02 16 19 25 29
105274 13 19 28 32 37
105275 05 12 23 29 33
105276 06 16 23 25 26
105277 01 13 20 24 33
105278 05 12 16 20 37
105279 08 16 17 22 30
105280 04 05 20 25 34
105281 02 08 16 20 29
105282 10 16 20 25 38
105283 07 12 17 22 31
105284 01 12 24 34 37
105285 08 09 18 19 36
105286 05 12 17 19 34
105287 04 14 22 25 33
105288 01 04 07 14 30
105289 16 17 32 33 36
105290 07 09 16 20 22
105291 07 08 13 21 39
105292 06 12 21 24 32
105293 07 12 17 18 31
105294 01 07 09 13 16
105295 05 22 24 32 33
105296 01 08 26 37 38
105297 02 08 18 22 39
105298 02 06 17 20 38
105299 08 15 34 36 37
105300 17 19 20 25 35
105301 02 10 13 20 39
105302 01 06 08 15 20
105303 02 12 17 23 33
105304 11 15 18 28 34
105305 02 03 08 19 27
105306 07 18 22 24 30
105307 06 08 20 32 37
105308 09 11 15 17 18
105309 03 06 07 29 30
105310 16 19 28 30 31
105311 09 12 18 20 26
105312 15 25 30 37 39
105313 11 13 29 36 38
105314 14 18 21 26 34
106001 06 10 14 15 22
106002 02 08 13 21 29
106003 07 09 11 22 37
106004 24 25 26 27 33
106005 02 06 11 12 38
106006 08 12 14 18 35
106007 09 16 24 27 30
106008 04 09 20 31 33
106009 07 09 10 15 24
106010 11 20 22 31 34
106011 04 18 22 24 34
106012 05 06 07 14 27
106013 04 05 23 30 33
106014 16 18 19 28 33
106015 09 20 21 36 37
106016 02 11 17 26 29
106017 08 11 26 35 36
106018 08 15 17 21 33
106019 04 13 26 30 37
106020 26 28 31 33 34
106021 07 08 18 26 29
106022 05 23 29 31 36
106023 01 03 06 12 37
106024 07 08 10 29 39
106025 04 08 11 22 37
106026 01 06 08 09 18
106027 07 13 15 17 25
106028 04 05 20 30 32
106029 18 19 25 27 36
106030 03 07 08 09 35
106031 10 24 26 29 36
106032 01 08 11 24 34
106033 06 08 24 38 39
106034 02 03 17 29 38
106035 05 17 22 27 32
106036 02 15 17 20 25
106037 05 08 15 20 21
106038 01 07 09 14 20
106039 18 20 26 27 32
106040 02 03 16 23 34
106041 02 08 10 18 31
106042 04 06 09 16 37
106043 02 15 23 29 34
106044 12 16 25 26 28
106045 07 17 23 30 37
106046 04 06 12 14 38
106047 06 28 31 33 35
106048 07 14 17 24 38
106049 04 25 27 34 37
106050 04 12 14 16 17
106051 01 09 20 34 35
106052 13 20 29 32 36
106053 07 09 19 21 22
106054 10 11 24 28 29
106055 10 11 12 13 28
106056 03 09 11 33 34
106057 07 08 19 24 28
106058 02 06 23 26 38
106059 08 10 12 30 34
106060 01 18 25 27 32
106061 05 12 23 28 33
106062 04 12 22 29 35
106063 17 21 31 33 35
106064 02 04 32 34 37
106065 01 08 14 15 38
106066 05 07 10 25 38
106067 01 18 27 29 39
106068 06 24 31 34 36
106069 03 06 08 09 27
106070 10 26 29 36 39
106071 06 11 15 32 35
106072 08 27 30 35 38
106073 02 11 15 19 27
106074 04 13 16 27 38
106075 05 08 19 23 24
106076 03 04 20 30 39
106077 17 18 19 22 39
106078 05 07 21 24 27
106079 08 19 21 23 35
106080 25 26 27 29 36
106081 12 15 19 20 30
106082 06 09 21 35 36
106083 07 20 23 25 32
106084 16 21 26 36 39
106085 15 22 23 27 32
106086 15 21 25 38 39
106087 03 23 25 27 34
106088 10 29 30 35 38
106089 02 19 21 32 36
106090 15 19 22 24 28
106091 10 11 14 26 31
106092 09 18 23 30 34
106093 04 09 11 22 35
106094 17 21 35 36 37
106095 15 19 23 30 34
106096 01 11 16 35 38
106097 03 29 34 35 39
106098 01 09 12 16 31
106099 03 13 18 34 35
106100 06 08 11 26 38
106101 15 16 22 32 35
106102 11 16 22 31 33
106103 16 24 31 33 36
106104 04 11 16 19 33
106105 07 18 22 26 35
106106 11 16 22 23 38
106107 04 11 14 20 21
106108 05 07 16 35 36
106109 22 24 35 36 38
106110 02 08 19 27 33
106111 05 06 27 34 39
106112 04 07 26 27 33
106113 02 07 15 38 39
106114 06 13 14 22 38
106115 02 09 16 25 34
106116 04 11 13 23 31
106117 15 17 28 29 30
106118 05 07 12 32 36
106119 06 09 10 24 25
106120 10 17 20 22 29
106121 02 03 12 16 27
106122 08 12 25 27 31
106123 07 09 21 25 36
106124 02 05 30 36 37
106125 04 11 25 27 32
106126 09 25 31 33 34
106127 22 26 30 36 38
106128 10 11 20 35 39
106129 01 05 08 28 33
106130 06 10 14 17 34
106131 03 05 07 22 26
106132 06 14 19 25 39
106133 01 16 19 26 28
106134 08 23 25 29 33
106135 15 19 29 30 33
106136 12 14 19 23 26
106137 04 07 31 38 39
106138 14 16 26 27 28
106139 06 11 12 19 22
106140 01 02 09 20 22
106141 03 06 25 30 37
106142 02 11 16 25 38
106143 17 28 31 34 37
106144 04 15 17 26 39
106145 13 31 33 34 39
106146 14 16 21 35 39
106147 04 10 18 20 26
106148 03 22 24 26 32
106149 04 06 07 19 29
106150 05 07 19 27 31
106151 04 05 19 23 26
106152 12 14 17 19 21
106153 02 13 34 36 37
106154 18 21 25 27 31
106155 05 11 28 30 35
106156 07 08 15 21 25
106157 11 17 20 32 36
106158 12 15 19 29 36
106159 08 10 12 32 34
106160 03 16 21 26 36
106161 02 15 16 18 25
106162 04 09 14 22 26
106163 04 13 19 20 24
106164 05 14 20 25 36
106165 03 05 29 36 37
106166 07 14 21 35 37
106167 15 16 23 28 32
106168 02 05 14 32 33
106169 08 10 14 23 36
106170 01 09 33 37 39
106171 04 20 22 29 33
106172 06 10 15 23 30
106173 02 05 22 31 37
106174 09 11 24 30 34
106175 02 16 19 24 27
106176 09 24 27 28 29
106177 11 20 27 29 37
106178 03 14 20 34 38
106179 16 25 35 37 38
106180 05 18 30 33 36
106181 08 13 17 35 37
106182 11 13 16 17 21
106183 13 15 17 18 21
106184 27 30 32 35 38
106185 08 14 20 33 38
106186 05 10 18 26 28
106187 03 10 12 13 38
106188 04 08 17 29 36
106189 09 12 29 30 32
106190 12 14 23 26 36
106191 02 03 10 20 30
106192 02 20 23 28 30
106193 14 18 25 26 32
106194 04 13 17 33 39
106195 02 04 07 18 36
106196 01 08 15 20 37
106197 06 08 16 28 29
106198 09 13 23 29 34
106199 08 12 15 35 36
106200 07 24 31 34 35
106201 26 30 31 32 38
106202 19 27 29 31 32
106203 11 16 27 33 36
106204 06 09 12 25 35
106205 07 11 14 32 34
106206 03 21 22 30 38
106207 12 17 21 30 38
106208 01 08 12 38 39
106209 05 15 19 23 24
106210 04 10 18 19 37
106211 05 21 27 29 34
106212 05 06 07 36 38
106213 05 08 28 33 35
106214 12 13 27 30 31
106215 05 10 15 33 36
106216 05 19 24 25 31
106217 01 03 26 28 37
106218 09 10 17 22 26
106219 11 28 30 31 39
106220 16 17 21 30 32
106221 04 07 12 28 35
106222 02 04 21 28 35
106223 03 25 32 33 34
106224 04 06 07 08 31
106225 07 19 25 37 38
106226 04 05 08 10 37
106227 04 10 12 16 21
106228 06 07 18 32 37
106229 03 08 18 27 36
106230 02 15 24 25 30
106231 10 29 30 31 35
106232 04 23 26 32 33
106233 02 04 08 13 23
106234 01 04 06 27 38
106235 08 15 18 19 25
106236 11 14 16 21 30
106237 06 11 17 26 32
106238 17 19 21 24 37
106239 03 11 28 29 33
106240 05 20 26 29 34
106241 05 07 10 14 15
106242 13 21 28 37 38
106243 08 17 19 20 30
106244 23 26 28 32 36
106245 07 15 24 34 37
106246 02 13 35 36 39
106247 22 28 30 35 38
106248 06 24 31 32 35
106249 06 09 18 31 32
106250 16 20 28 33 34
106251 02 07 16 29 33
106252 12 17 26 27 34
106253 03 11 25 30 36
106254 08 14 15 20 25
106255 03 17 23 27 31
106256 13 17 18 27 35
106257 02 03 07 19 22
106258 02 10 12 14 21
106259 02 15 21 31 36
106260 01 03 05 09 37
106261 01 13 18 35 38
106262 02 05 10 19 38
106263 04 12 13 28 36
106264 04 06 11 22 28
106265 17 20 23 24 28
106266 03 06 13 25 29
106267 05 13 19 20 21
106268 02 14 18 31 37
106269 09 16 19 22 29
106270 09 21 24 28 32
106271 02 05 08 14 25
106272 01 02 14 20 37
106273 02 11 15 26 33
106274 08 26 31 33 38
106275 05 11 12 24 29
106276 13 14 20 29 34
106277 17 24 27 30 34
106278 01 06 07 18 36
106279 17 21 24 30 33
106280 04 17 22 26 27
106281 07 11 22 26 37
106282 08 09 22 31 36
106283 01 05 23 35 38
106284 05 16 21 24 25
106285 04 13 14 16 29
106286 01 22 30 31 39
106287 11 21 23 24 25
106288 03 05 17 23 37
106289 08 17 18 24 39
106290 02 20 21 29 34
106291 04 19 20 28 34
106292 06 08 10 19 38
106293 04 05 10 22 30
106294 09 17 34 35 39
106295 16 17 18 28 34
106296 06 09 21 23 39
106297 11 12 21 22 33
106298 08 19 25 26 38
106299 14 27 30 36 37
106300 14 19 29 30 37
106301 01 03 07 18 34
106302 04 08 11 25 27
106303 07 10 18 34 38
106304 03 18 24 28 32
106305 01 06 14 29 34
106306 15 19 21 24 30
106307 05 11 21 33 38
106308 07 11 17 18 35
106309 03 30 34 35 37
106310 07 10 20 33 39
106311 04 08 10 15 30
106312 05 18 20 35 36
107001 01 14 18 19 24
107002 02 07 09 12 39
107003 02 03 06 10 18
107004 10 14 21 25 26
107005 04 08 12 17 30
107006 04 07 13 31 39
107007 02 22 28 32 34
107008 01 23 26 28 36
107009 02 06 07 13 32
107010 03 07 11 12 29
107011 01 06 11 16 37
107012 06 09 13 27 34
107013 05 06 09 15 36
107014 07 12 13 15 23
107015 07 09 12 25 26
107016 08 23 29 35 37
107017 03 05 14 15 20
107018 12 23 25 26 28
107019 14 23 32 34 35
107020 01 04 07 29 33
107021 23 27 30 36 37
107022 06 07 14 22 36
107023 02 17 19 24 27
107024 03 23 29 34 39
107025 19 22 24 31 37
107026 08 10 15 17 31
107027 01 02 13 22 39
107028 13 15 20 22 37
107029 01 10 13 16 20
107030 12 21 24 31 34
107031 05 17 22 23 24
107032 10 12 17 24 35
107033 03 25 26 30 31
107034 01 05 24 30 34
107035 05 07 31 32 39
107036 14 17 19 21 39
107037 04 11 14 16 28
107038 10 19 20 23 33
107039 02 07 12 17 39
107040 02 05 11 18 28
107041 01 02 08 18 31
107042 01 03 13 24 38
107043 07 13 25 33 38
107044 02 06 08 23 36
107045 03 13 27 28 34
107046 01 06 14 18 24
107047 02 05 15 17 31
107048 04 09 25 26 32
107049 07 12 33 35 37
107050 09 12 14 17 32
107051 02 14 25 31 36
107052 04 08 20 31 39
107053 10 22 25 27 37
107054 05 14 16 27 36
107055 15 24 27 30 35
107056 11 14 24 27 32
107057 01 08 15 32 39
107058 10 15 24 29 38
107059 01 13 18 25 29
107060 06 07 11 14 27
107061 01 02 08 33 35
107062 04 06 09 33 36
107063 02 21 25 30 31
107064 02 04 22 30 32
107065 02 15 16 28 37
107066 08 14 26 36 39
107067 07 16 19 36 37
107068 07 08 25 29 32
107069 05 08 22 26 36
107070 04 06 11 31 36
107071 06 21 33 34 38
107072 02 14 17 23 24
107073 02 07 23 32 39
107074 01 06 14 35 38
107075 15 23 25 30 36
107076 13 19 23 28 31
107077 09 14 21 32 33
107078 04 09 19 27 28
107079 08 14 18 23 32
107080 06 08 10 21 32
107081 07 20 23 26 38
107082 12 16 27 31 37
107083 01 15 21 35 38
107084 05 06 07 10 20
107085 12 27 32 34 36
107086 07 13 25 28 32
107087 08 16 27 29 30
107088 03 10 14 20 23
107089 02 08 22 27 39
107090 09 22 32 34 39
107091 05 07 08 21 22
107092 01 07 13 30 32
107093 12 16 29 30 39
107094 01 06 18 21 39
107095 12 23 24 25 39
107096 04 12 13 15 37
107097 04 10 16 36 38
107098 03 05 11 18 19
107099 04 07 10 15 26
107100 03 04 06 36 39
107101 10 17 29 31 37
107102 01 05 13 22 28
107103 01 15 21 26 32
107104 02 15 35 36 38
107105 05 19 27 35 38
107106 12 19 25 28 33
107107 02 03 04 24 39
107108 08 15 20 21 35
107109 02 07 16 18 37
107110 11 26 32 34 39
107111 02 14 19 20 29
107112 03 16 19 20 25
107113 04 22 25 31 32
107114 13 26 33 34 38
107115 12 20 23 33 39
107116 04 06 18 24 31
107117 15 17 27 28 30
107118 05 15 24 28 35
107119 09 12 16 29 35
107120 17 24 25 34 36
107121 20 21 23 29 30
107122 05 08 18 29 31
107123 08 14 24 30 35
107124 03 08 16 19 21
107125 03 04 13 23 30
107126 05 16 23 24 33
107127 03 05 07 16 37
107128 15 20 25 27 30
107129 05 16 25 29 34
107130 15 19 24 25 39
107131 11 16 21 34 38
107132 09 10 24 34 38
107133 06 18 23 31 37
107134 02 10 15 23 24
107135 04 15 22 30 34
107136 02 05 11 14 22
107137 20 22 26 31 36
107138 05 16 18 30 33
107139 01 10 20 36 37
107140 18 21 23 31 36
107141 02 05 19 22 26
107142 01 14 17 27 29
107143 09 10 16 27 37
107144 19 20 26 31 34
107145 04 08 16 33 36
107146 04 10 12 28 30
107147 01 16 28 31 33
107148 10 13 24 26 37
107149 09 13 14 17 20
107150 06 19 20 29 37
107151 06 22 30 37 38
107152 03 04 19 25 30
107153 08 16 17 21 37
107154 12 17 24 25 37
107155 05 07 25 34 36
107156 12 33 36 38 39
107157 11 16 21 24 34
107158 09 16 19 20 37
107159 19 21 22 23 34
107160 08 14 18 27 33
107161 13 16 17 20 25
107162 06 11 12 29 34
107163 15 17 18 22 23
107164 04 07 09 10 20
107165 04 10 12 14 20
107166 02 12 29 35 38
107167 12 16 19 24 32
107168 11 17 28 33 37
107169 09 13 30 32 34
107170 20 22 27 31 32
107171 05 08 15 19 23
107172 15 22 26 32 33
107173 05 08 12 26 31
107174 02 03 08 18 34
107175 01 07 18 33 34
107176 02 03 23 25 35
107177 08 11 12 24 30
107178 01 05 16 28 38
107179 07 15 26 33 39
107180 10 12 23 28 37
107181 04 14 18 27 28
107182 05 18 21 35 37
107183 05 17 18 26 29
107184 18 26 29 36 37
107185 05 07 09 15 37
107186 01 31 32 35 38
107187 13 14 16 34 37
107188 02 12 23 28 31
107189 02 10 23 27 33
107190 09 10 17 21 23
107191 06 07 08 19 27
107192 11 14 22 24 34
107193 05 12 25 28 32
107194 13 17 23 26 37
107195 07 14 16 17 39
107196 03 08 09 22 23
107197 03 07 13 21 22
107198 14 16 20 22 26
107199 03 10 15 22 28
107200 09 14 20 34 38
107201 01 12 31 32 36
107202 04 08 11 36 38
107203 15 17 21 27 29
107204 12 13 15 29 36
107205 06 15 21 26 29
107206 03 11 26 33 36
107207 05 15 16 34 38
107208 01 13 21 24 36
107209 02 04 06 14 18
107210 04 10 20 26 34
107211 08 28 33 35 36
107212 07 13 17 28 38
107213 01 05 31 37 39
107214 02 10 11 25 37
107215 19 23 27 31 32
107216 02 19 21 25 31
107217 02 21 24 25 37
107218 13 20 28 29 37
107219 04 15 28 33 38
107220 01 09 21 25 35
107221 02 03 12 20 39
107222 05 20 22 24 27
107223 08 11 22 23 26
107224 07 09 15 24 25
107225 01 04 24 26 32
107226 14 24 28 31 39
107227 01 02 12 27 34
107228 04 09 25 31 34
107229 09 21 22 28 38
107230 05 07 20 38 39
107231 02 26 32 34 38
107232 14 16 19 23 27
107233 11 19 21 24 25
107234 09 12 25 28 37
107235 04 11 23 25 36
107236 09 21 27 33 34
107237 03 15 26 30 38
107238 14 17 23 28 30
107239 15 18 20 28 29
107240 01 07 08 13 28
107241 07 25 29 32 36
107242 04 09 14 15 21
107243 02 09 14 22 37
107244 14 16 27 32 35
107245 24 25 26 35 38
107246 11 16 22 27 36
107247 19 28 34 38 39
107248 01 05 19 29 39
107249 01 23 30 37 39
107250 01 05 07 13 34
107251 02 06 14 25 26
107252 06 18 30 36 37
107253 08 17 21 24 28
107254 01 03 18 22 35
107255 06 29 31 32 39
107256 08 15 19 27 36
107257 07 21 22 36 38
107258 06 18 19 31 32
107259 14 17 20 34 38
107260 06 12 20 25 35
107261 12 13 15 25 28
107262 14 26 28 31 37
107263 01 23 25 26 34
107264 10 12 19 24 32
107265 01 17 26 33 37
107266 05 18 21 30 31
107267 06 10 13 19 31
107268 04 07 16 31 35
107269 10 27 30 33 35
107270 04 09 18 32 38
107271 03 06 18 25 38
107272 06 11 12 25 37
107273 16 25 29 32 35
107274 04 10 14 18 22
107275 01 13 17 33 38
107276 02 04 13 14 16
107277 02 08 10 19 36
107278 15 27 28 30 31
107279 19 24 27 31 39
107280 02 06 08 13 25
107281 08 17 18 33 34
107282 01 02 07 31 39
107283 04 13 17 19 35
107284 08 16 25 33 36
107285 04 06 20 23 37
107286 03 05 12 26 29
107287 04 07 12 37 39
107288 01 04 08 12 14
107289 12 18 19 28 29
107290 02 14 25 33 39
107291 04 10 16 17 31
107292 09 18 22 24 38
107293 12 14 15 29 32
107294 02 22 23 27 38
107295 09 16 20 31 34
107296 03 05 22 29 34
107297 12 14 21 22 25
107298 02 15 17 27 35
107299 19 27 33 35 36
107300 01 12 24 26 38
107301 04 05 07 25 36
107302 04 16 18 23 34
107303 08 20 23 28 36
107304 06 07 10 16 32
107305 03 04 12 30 33
107306 06 10 14 18 38
107307 09 10 20 27 39
107308 03 04 08 34 39
107309 12 14 22 23 26
107310 11 29 30 32 34
107311 10 12 14 34 37
107312 01 10 29 34 38
107313 07 11 21 27 30
108001 12 30 33 36 38
108002 04 05 09 18 39
108003 05 19 21 24 28
108004 06 08 21 29 37
108005 09 10 14 23 36
108006 04 08 20 33 34
108007 06 11 13 26 37
108008 02 21 27 34 35
108009 01 06 26 27 30
108010 04 08 18 38 39
108011 05 15 17 22 37
108012 01 08 13 16 36
108013 06 13 22 30 38
108014 14 18 21 25 39
108015 08 12 20 21 27
108016 12 18 22 24 35
108017 11 12 19 36 37
108018 06 09 12 20 21
108019 14 16 22 28 31
108020 01 08 14 26 34
108021 05 09 14 23 35
108022 02 06 25 30 31
108023 01 02 09 20 30
108024 01 13 20 24 29
108025 04 26 29 33 34
108026 03 08 13 17 38
108027 02 09 25 26 39
108028 18 29 33 34 35
108029 24 25 26 34 37
108030 03 07 19 24 26
108031 07 09 11 15 26
108032 01 04 12 22 23
108033 04 06 27 32 37
108034 12 28 29 31 34
108035 01 03 06 33 34
108036 11 13 21 22 29
108037 21 29 30 33 35
108038 04 05 12 26 30
108039 14 15 26 32 38
108040 01 09 10 28 31
108041 14 16 17 28 38
108042 01 28 32 37 39
108043 12 16 25 30 37
108044 14 15 18 21 35
108045 04 10 14 26 35
108046 09 29 33 34 36
108047 04 14 19 26 35
108048 02 19 27 33 37
108049 12 14 22 35 38
108050 05 08 13 25 34
108051 02 07 10 21 33
108052 11 13 17 25 30
108053 03 06 11 19 26
108054 09 11 13 24 39
108055 05 17 25 32 35
108056 16 20 23 33 38
108057 07 18 20 33 35
108058 07 08 17 28 33
108059 16 20 21 33 37
108060 06 08 16 26 30
108061 05 13 24 25 32
108062 07 12 20 30 39
108063 03 05 09 17 38
108064 15 26 27 32 33
108065 11 13 15 31 34
108066 04 31 32 33 38
108067 02 06 18 34 39
108068 01 07 19 24 32
108069 21 22 28 29 31
108070 10 16 18 32 33
108071 11 18 21 26 32
108072 06 13 20 26 32
108073 04 29 30 32 34
108074 22 23 27 30 39
108075 03 06 15 17 18
108076 03 19 25 33 38
108077 15 23 32 33 35
108078 06 14 22 23 30
108079 08 12 17 24 30
108080 03 14 27 34 39
108081 05 13 14 24 31
108082 02 06 21 23 28
108083 04 10 21 24 37
108084 06 16 20 33 38
108085 03 18 22 28 35
108086 07 27 28 31 35
108087 13 15 21 26 35
108088 01 20 23 30 31
108089 14 16 18 27 38
108090 03 17 24 32 34
108091 08 14 26 27 37
108092 17 25 28 36 38
108093 07 14 20 27 30
108094 06 10 15 16 21
108095 18 21 24 33 34
108096 01 06 15 25 36
108097 17 22 30 34 39
108098 06 13 22 23 34
108099 06 12 17 32 34
108100 01 05 09 13 23
108101 13 15 17 24 25
108102 11 21 26 31 33
108103 06 08 25 28 31
108104 10 23 28 38 39
108105 03 04 13 33 36
108106 07 24 31 32 38
108107 01 03 12 20 24
108108 20 24 25 35 37
108109 05 21 23 25 34
108110 01 03 05 11 39
108111 17 19 23 27 36
108112 02 09 11 13 14
108113 02 09 11 25 33
108114 19 28 33 34 35
108115 05 07 14 35 38
108116 14 15 22 23 27
108117 08 13 15 17 39
108118 08 09 13 22 30
108119 01 07 11 17 29
108120 02 20 22 25 32
108121 01 23 29 34 36
108122 01 25 31 34 37
108123 15 16 26 30 32
108124 19 26 29 33 39
108125 08 23 28 36 38
108126 09 10 21 33 39
108127 07 17 21 22 29
108128 07 12 14 16 31
108129 12 16 28 33 37
108130 05 07 20 25 32
108131 14 17 18 19 28
108132 16 19 21 36 38
108133 02 05 19 27 35
108134 09 12 31 36 38
108135 07 08 14 19 34
108136 05 09 16 30 33
108137 01 06 13 18 22
108138 07 09 19 20 35
108139 05 07 09 31 36
108140 03 13 17 23 29
108141 19 21 27 33 35
108142 14 18 20 24 33
108143 03 09 17 20 23
108144 18 22 24 29 33
108145 05 06 08 20 32
108146 01 04 08 31 34
108147 01 12 27 35 36
108148 04 06 28 35 36
108149 14 15 21 25 27
108150 09 18 21 33 37
108151 04 11 13 21 28
108152 01 24 25 27 36
108153 02 06 21 27 33
108154 08 17 19 25 34
108155 02 20 22 24 35
108156 01 02 10 23 25
108157 02 09 11 12 16
108158 04 06 25 28 34
108159 11 20 32 38 39
108160 01 11 33 38 39
108161 09 19 28 29 32
108162 04 18 21 23 24
108163 05 08 17 24 39
108164 03 27 29 30 32
108165 15 25 26 28 39
108166 15 17 22 24 25
108167 14 18 19 22 30
108168 13 18 22 23 24
108169 05 09 19 26 39
108170 08 17 23 26 27
108171 16 18 22 33 38
108172 09 16 17 26 34
108173 01 07 14 16 28
108174 19 20 25 32 34
108175 04 10 12 23 25
108176 13 14 28 29 32
108177 14 17 24 36 37
108178 02 03 21 28 37
108179 07 09 24 34 38
108180 05 07 09 19 30
108181 09 10 16 19 25
108182 19 32 35 38 39
108183 01 02 03 10 17
108184 04 23 31 33 39
108185 19 21 23 34 36
108186 01 05 11 16 22
108187 04 05 11 15 28
108188 07 22 23 32 37
108189 12 26 32 35 36
108190 13 19 25 26 33
108191 14 17 30 33 38
108192 08 20 35 36 39
108193 10 16 18 22 24
108194 06 10 32 37 38
108195 01 12 23 38 39
108196 07 13 19 31 37
108197 05 11 12 16 28
108198 01 09 17 21 31
108199 01 11 20 32 38
108200 01 09 17 20 26
108201 03 12 29 34 38
108202 09 14 21 26 28
108203 03 15 19 21 39
108204 05 11 15 34 35
108205 01 08 13 17 19
108206 04 11 15 22 33
108207 02 11 16 31 35
108208 09 10 26 30 32
108209 03 10 26 35 36
108210 01 02 11 12 15
108211 02 03 24 25 32
108212 06 09 11 13 15
108213 17 24 26 28 39
108214 03 06 15 18 26
108215 01 02 29 34 35
108216 01 03 09 10 31
108217 12 15 23 31 36
108218 06 08 10 21 25
108219 12 23 27 30 37
108220 04 14 16 31 35
108221 02 04 24 35 37
108222 10 20 24 38 39
108223 08 10 15 25 37
108224 04 16 22 23 32
108225 07 25 28 32 35
108226 20 23 24 27 38
108227 07 12 21 29 39
108228 18 28 30 33 34
108229 11 15 18 24 37
108230 03 06 20 29 36
108231 02 12 18 22 38
108232 08 11 26 32 38
108233 02 14 23 27 38
108234 04 15 16 26 34
108235 05 25 28 37 39
108236 03 11 24 27 29
108237 07 24 28 31 36
108238 01 02 13 22 36
108239 08 11 12 13 15
108240 01 13 16 18 26
108241 01 02 12 29 32
108242 01 08 19 20 36
108243 17 26 29 31 35
108244 01 15 24 28 35
108245 06 11 15 26 39
108246 10 14 17 27 28
108247 06 19 23 25 26
108248 01 02 11 33 34
108249 05 18 21 31 37
108250 03 04 11 26 28
108251 09 11 12 25 37
108252 24 25 27 32 39
108253 05 22 24 25 38
108254 12 18 26 30 34
108255 03 13 16 25 29
108256 05 23 26 31 32
108257 03 15 20 25 35
108258 02 03 23 26 31
108259 01 03 23 28 36
108260 01 07 10 25 26
108261 02 23 30 32 37
108262 04 16 26 27 29
108263 09 10 12 25 32
108264 14 23 28 32 34
108265 02 14 22 30 34
108266 01 04 06 27 38
108267 10 11 17 22 32
108268 07 19 20 22 31
108269 01 18 19 21 33
108270 22 23 27 29 39
108271 02 08 18 19 28
108272 06 16 26 35 38
108273 03 06 12 14 31
108274 16 19 26 27 29
108275 03 11 23 24 29
108276 03 05 10 11 32
108277 05 18 33 36 38
108278 01 04 22 32 34
108279 01 03 15 26 39
108280 13 14 21 24 36
108281 04 08 11 12 22
108282 11 16 19 20 25
108283 10 14 28 35 37
108284 05 20 21 24 34
108285 07 13 14 21 39
108286 01 04 08 17 29
108287 01 13 17 29 34
108288 02 06 20 25 26
108289 04 11 16 22 23
108290 04 09 20 23 24
108291 03 23 27 29 34
108292 06 09 17 27 39
108293 11 16 27 34 35
108294 12 20 23 32 39
108295 09 11 29 37 38
108296 06 18 27 34 37
108297 01 05 20 26 28
108298 08 11 25 32 34
108299 09 20 23 26 39
108300 10 22 25 32 37
108301 03 22 28 33 39
108302 02 15 19 30 33
108303 01 10 28 36 37
108304 01 25 28 31 32
108305 01 19 23 31 32
108306 06 13 16 22 34
108307 22 23 28 36 38
108308 07 09 13 14 37
108309 02 14 21 27 38
108310 07 13 32 33 38
108311 06 22 30 36 39
108312 08 10 14 16 20
108313 01 14 25 26 32
109001 01 22 26 27 39
109002 01 06 11 23 27
109003 01 03 08 18 31
109004 23 25 29 30 32
109005 14 16 27 28 34
109006 10 11 28 37 38
109007 04 06 10 12 26
109008 04 13 20 30 36
109009 02 05 10 21 29
109010 03 14 16 25 34
109011 11 13 24 28 35
109012 10 27 36 37 39
109013 10 17 19 35 39
109014 03 04 05 10 33
109015 04 17 18 22 32
109016 06 14 22 28 37
109017 04 21 28 35 38
109018 10 17 27 29 32
109019 04 11 22 33 36
109020 01 17 23 33 39
109021 03 07 27 35 39
109022 05 12 13 20 26
109023 01 09 14 27 39
109024 01 02 18 33 39
109025 10 15 19 28 30
109026 08 10 16 24 34
109027 08 11 17 27 31
109028 04 07 13 20 24
109029 01 03 21 24 34
109030 12 29 35 37 38
109031 02 04 23 31 38
109032 01 03 07 23 39
109033 08 13 20 25 29
109034 12 23 26 27 33
109035 08 23 24 31 39
109036 05 12 19 27 28
109037 17 19 23 33 35
109038 01 17 28 35 38
109039 04 13 25 26 36
109040 05 08 18 29 33
109041 02 18 30 35 36
109042 01 05 06 09 31
109043 02 06 20 24 34
109044 05 10 20 27 36
109045 04 08 20 23 27
109046 13 18 19 36 37
109047 01 02 23 29 30
109048 05 09 10 11 22
109049 02 05 15 19 26
109050 17 19 28 35 36
109051 04 10 12 17 21
109052 07 17 20 27 39
109053 05 06 10 26 27
109054 03 07 15 16 29
109055 02 07 09 17 27
109056 10 20 23 28 31
109057 08 11 13 15 29
109058 09 10 12 17 20
109059 06 11 18 27 28
109060 16 26 27 33 34
109061 07 09 12 14 16
109062 01 18 20 24 37
109063 03 05 10 13 29
109064 02 06 17 20 30
109065 01 09 11 21 32
109066 07 16 22 29 37
109067 05 09 20 30 38
109068 03 11 30 32 34
109069 10 16 20 33 39
109070 03 07 16 22 31
109071 05 06 16 27 31
109072 09 12 25 26 30
109073 05 08 23 29 32
109074 03 19 27 28 30
109075 13 19 22 30 38
109076 04 07 18 27 29
109077 01 02 07 24 35
109078 06 09 24 27 37
109079 07 20 23 31 35
109080 10 11 27 28 29
109081 03 08 15 17 38
109082 04 13 21 27 32
109083 03 06 16 29 30
109084 02 12 13 23 28
109085 12 26 27 28 34
109086 01 06 19 24 27
109087 06 08 11 23 39
109088 14 15 18 21 36
109089 03 23 25 35 36
109090 08 29 33 37 38
109091 04 07 10 22 28
109092 09 17 28 33 36
109093 15 16 25 33 36
109094 20 26 30 31 32
109095 03 08 11 23 32
109096 01 17 20 32 38
109097 05 06 09 30 31
109098 03 15 18 26 33
109099 03 04 21 28 30
109100 02 07 11 14 32
109101 08 23 24 34 36
109102 01 07 09 21 23
109103 05 10 29 32 33
109104 03 17 18 23 31
109105 02 09 13 14 27
109106 17 23 26 27 36
109107 05 13 30 35 39
109108 14 16 24 26 29
109109 02 04 25 29 39
109110 09 14 16 25 34
109111 04 05 08 22 36
109112 07 09 13 25 33
109113 05 18 25 26 38
109114 08 13 21 32 36
109115 02 03 12 18 22
109116 02 08 11 16 17
109117 05 12 20 27 30
109118 04 07 09 24 30
109119 05 07 08 36 38
109120 01 02 05 21 25
109121 08 22 23 28 29
109122 02 25 27 35 39
109123 05 12 15 22 30
109124 17 20 26 35 38
109125 03 07 09 18 37
109126 06 14 20 21 26
109127 05 10 25 26 38
109128 05 08 17 26 34
109129 08 13 23 25 37
109130 08 16 17 21 27
109131 12 13 15 18 24
109132 10 14 17 24 26
109133 03 20 28 34 36
109134 14 18 22 27 33
109135 04 08 12 34 37
109136 19 29 31 35 39
109137 04 07 22 29 39
109138 03 19 25 32 36
109139 02 22 29 34 38
109140 05 06 14 19 30
109141 10 16 17 24 27
109142 09 11 23 30 38
109143 10 16 18 26 32
109144 10 20 21 24 30
109145 06 22 23 25 26
109146 12 17 26 38 39
109147 05 09 10 21 37
109148 04 08 19 24 36
109149 18 19 22 26 30
109150 22 23 24 33 38
109151 01 11 14 15 30
109152 19 24 27 29 33
109153 14 16 20 26 38
109154 18 24 30 34 38
109155 07 18 22 27 31
109156 01 11 13 17 31
109157 01 05 08 29 30
109158 01 02 06 09 35
109159 06 18 19 21 39
109160 05 10 26 30 34
109161 05 11 14 17 23
109162 04 05 08 19 29
109163 01 13 21 27 34
109164 02 09 11 14 35
109165 01 05 21 29 35
109166 06 09 33 35 37
109167 02 07 13 16 37
109168 07 24 32 36 39
109169 03 07 20 23 31
109170 05 07 10 23 37
109171 04 05 10 21 27
109172 01 11 19 31 34
109173 02 22 23 32 39
109174 02 13 19 32 38
109175 05 20 30 35 37
109176 01 10 17 33 37
109177 04 11 28 32 39
109178 08 23 24 28 30
109179 09 18 25 33 37
109180 05 13 22 25 28
109181 06 15 24 28 31
109182 05 16 30 37 38
109183 14 17 19 20 24
109184 08 10 16 21 36
109185 02 06 21 27 29
109186 04 11 13 25 33
109187 16 33 34 35 38
109188 07 09 17 26 37
109189 05 06 29 30 39
109190 04 15 18 25 26
109191 23 24 29 36 39
109192 01 04 19 23 37
109193 01 13 20 25 32
109194 15 17 18 31 33
109195 04 10 12 17 25
109196 13 17 18 21 31
109197 12 18 26 28 30
109198 04 15 29 33 37
109199 01 02 04 23 28
109200 08 14 20 21 30
109201 03 07 17 30 31
109202 06 21 26 27 34
109203 13 14 28 31 35
109204 11 23 33 36 37
109205 14 16 21 29 32
109206 17 24 29 34 39
109207 02 03 17 28 31
109208 01 10 16 27 28
109209 02 06 26 29 36
109210 15 16 17 23 32
109211 11 13 20 23 39
109212 04 07 12 20 33
109213 04 09 21 23 24
109214 01 26 31 32 38
109215 06 11 13 15 29
109216 01 06 07 12 15
109217 04 05 20 24 29
109218 16 27 30 35 38
109219 03 07 08 33 35
109220 02 15 19 27 39
109221 18 19 20 30 38
109222 01 04 11 25 31
109223 06 13 15 22 27
109224 05 14 24 33 39
109225 06 18 24 27 29
109226 10 18 19 37 39
109227 05 10 17 19 34
109228 17 20 23 24 39
109229 06 12 17 32 36
109230 05 10 15 24 27
109231 01 09 14 17 18
109232 22 24 27 29 34
109233 07 20 26 27 30
109234 06 20 22 30 36
109235 21 27 28 34 37
109236 01 06 21 35 36
109237 17 18 20 24 34
109238 07 15 20 30 37
109239 06 20 22 27 35
109240 06 20 25 32 37
109241 05 09 13 21 34
109242 03 08 11 19 38
109243 13 16 25 26 31
109244 04 08 23 24 34
109245 06 22 24 29 33
109246 04 08 17 26 30
109247 01 09 33 34 39
109248 08 14 18 20 23
109249 22 26 32 33 38
109250 18 20 21 24 25
109251 04 06 16 23 36
109252 01 10 23 27 36
109253 02 14 20 22 29
109254 01 09 11 27 31
109255 02 03 20 21 34
109256 09 10 15 27 32
109257 03 09 14 26 33
109258 08 18 23 24 31
109259 13 20 26 37 38
109260 04 23 25 35 38
109261 03 09 24 35 38
109262 06 07 09 21 32
109263 12 29 31 36 39
109264 04 17 24 25 28
109265 02 12 17 34 38
109266 19 20 25 30 37
109267 01 04 07 08 39
109268 04 08 21 24 26
109269 06 08 17 24 38
109270 05 19 26 28 29
109271 22 31 35 38 39
109272 04 18 27 29 39
109273 01 07 11 24 39
109274 02 03 07 30 36
109275 10 11 13 23 38
109276 11 14 17 19 24
109277 01 07 15 17 18
109278 06 10 13 16 27
109279 06 11 27 37 38
109280 08 11 13 14 26
109281 02 04 13 23 28
109282 04 08 17 18 26
109283 06 16 25 28 36
109284 12 17 21 28 35
109285 15 24 25 26 32
109286 01 02 04 17 20
109287 09 17 25 28 36
109288 01 11 19 26 32
109289 03 10 16 24 37
109290 01 03 19 20 37
109291 02 07 22 31 37
109292 08 18 20 29 35
109293 09 12 22 30 35
109294 01 21 24 28 34
109295 12 13 15 28 33
109296 06 10 11 26 27
109297 05 06 12 19 33
109298 08 14 15 24 27
109299 05 14 17 19 20
109300 01 11 23 25 35
109301 08 15 17 34 36
109302 07 11 15 16 20
109303 02 12 15 22 35
109304 09 14 18 29 36
109305 02 08 15 17 24
109306 02 15 23 29 38
109307 07 24 28 32 38
109308 01 19 23 30 36
109309 01 05 19 32 37
109310 05 09 15 20 24
109311 11 15 25 32 35
109312 09 16 21 28 38
109313 03 05 21 34 36
109314 01 10 14 20 34
110001 18 24 26 35 37
110002 04 06 11 17 34
110003 02 03 16 22 32
110004 01 11 20 28 36
110005 10 12 29 32 36
110006 07 13 22 23 30
110007 09 13 26 34 36
110008 10 13 24 36 37
110009 03 07 14 26 38
110010 09 11 19 36 39
110011 06 09 17 24 38
110012 16 20 21 30 31
110013 06 08 16 19 23
110014 03 10 23 26 37
110015 01 03 16 17 39
110016 05 09 16 21 35
110017 03 10 11 13 19
110018 01 06 07 21 23
110019 15 17 19 28 29
110020 23 26 34 35 36
110021 13 16 23 37 39
110022 12 20 23 31 37
110023 01 02 17 18 35
110024 14 16 20 30 37
110025 16 20 21 22 26
110026 05 13 23 26 27
110027 06 12 17 28 36
110028 04 24 25 34 37
110029 01 05 12 18 30
110030 01 05 12 15 26
110031 20 23 26 27 38
110032 03 07 14 20 34
110033 01 02 20 23 26
110034 03 12 14 18 34
110035 16 18 23 32 38
110036 01 08 09 17 22
110037 03 13 20 27 28
110038 05 18 21 22 27
110039 06 07 19 20 26
110040 10 19 22 24 26
110041 01 17 20 27 30
110042 01 14 19 27 28
110043 09 19 35 37 38
110044 05 08 10 23 30
110045 04 16 21 32 33
110046 01 07 26 29 34
110047 06 14 19 24 37
110048 09 10 14 22 38
110049 01 08 09 18 27
110050 21 25 27 32 39
110051 13 32 34 36 38
110052 05 10 23 25 39
110053 05 10 15 16 21
110054 07 10 16 19 24
110055 04 06 31 36 37
110056 05 10 11 12 26
110057 13 17 18 24 28
110058 01 04 11 23 32
110059 01 05 19 22 26
110060 04 09 13 27 28
110061 07 25 33 35 37
110062 21 31 32 35 36
110063 07 11 13 25 39
110064 03 08 14 18 32
110065 01 07 10 23 29
110066 11 21 30 32 38
110067 04 10 17 27 36
110068 11 18 22 28 35
110069 01 11 17 29 34
110070 10 14 19 20 35
110071 03 08 13 23 26
110072 08 12 22 33 35
110073 07 09 11 22 32
110074 01 05 10 30 31
110075 10 12 15 32 35
110076 10 14 15 36 38
110077 10 12 23 34 38
110078 02 09 20 25 35
110079 24 28 31 33 36
110080 06 08 12 23 25
110081 01 17 25 36 38
110082 10 12 17 29 35
110083 01 10 24 35 38
110084 02 07 09 29 35
110085 06 16 20 25 34
110086 02 04 18 20 34
110087 17 22 34 37 39
110088 06 11 13 22 23
110089 03 08 12 20 33
110090 06 07 17 25 37
110091 02 07 21 22 28
110092 07 08 23 25 31
110093 01 04 09 29 39
110094 16 20 23 24 35
110095 04 19 29 37 39
110096 05 07 08 25 26
110097 02 08 16 22 28
110098 05 06 10 11 13
110099 01 05 16 17 21
110100 12 22 24 31 35
110101 07 12 16 22 23
110102 08 10 23 32 35
110103 07 17 21 32 35
110104 12 13 19 20 31
110105 04 13 15 29 32
110106 20 21 23 36 39
110107 08 19 27 29 39
110108 03 07 13 21 22
110109 06 07 08 17 33
110110 19 23 26 31 34
110111 14 15 17 28 37
110112 11 15 17 31 36
110113 08 14 17 21 30
110114 13 16 17 25 37
110115 10 28 29 31 36
110116 02 07 28 31 39
110117 03 15 27 33 36
110118 09 12 18 27 37
110119 05 08 17 27 36
110120 13 30 31 35 37
110121 04 09 33 34 38
110122 06 14 22 23 31
110123 12 14 23 24 36
110124 03 14 25 33 37
110125 06 07 30 32 36
110126 21 24 26 29 32
110127 23 24 32 35 38
110128 01 11 19 27 38
110129 18 23 31 32 35
110130 04 06 30 32 35
110131 04 19 29 33 37
110132 01 11 14 29 36
110133 06 12 13 15 39
110134 01 03 10 17 24
110135 06 12 15 20 39
110136 03 08 19 22 38
110137 03 05 07 11 16
110138 01 13 14 22 33
110139 03 18 22 27 33
110140 03 04 13 17 25
110141 17 25 27 33 35
110142 14 17 27 32 36
110143 07 17 18 21 27
110144 08 28 31 36 39
110145 11 13 20 29 33
110146 01 12 33 36 39
110147 04 10 12 36 37
110148 03 11 31 32 39
110149 06 12 14 28 35
110150 05 29 31 35 36
110151 04 12 17 20 23
110152 17 26 31 32 35
110153 06 17 29 33 39
110154 06 09 15 17 24
110155 04 06 26 28 39
110156 19 20 28 31 38
110157 02 05 07 26 32
110158 08 20 23 27 29
110159 01 20 24 32 35
110160 10 11 19 21 39
110161 01 11 17 25 29
110162 22 23 27 35 37
110163 12 13 15 30 37
110164 09 26 28 35 38
110165 04 07 17 29 37
110166 10 15 18 24 25
110167 01 12 14 18 26
110168 07 15 23 25 31
110169 02 07 17 18 26
110170 02 16 21 31 37
110171 06 07 08 09 30
110172 09 14 22 36 38
110173 09 16 24 32 38
110174 01 09 16 32 38
110175 10 17 18 20 28
110176 01 08 12 17 31
110177 01 05 08 16 38
110178 03 05 27 30 35
110179 06 12 17 18 24
110180 13 20 21 23 25
110181 06 09 17 27 30
110182 04 05 17 33 35
110183 04 24 25 28 33
110184 05 09 24 25 36
110185 10 20 32 34 39
110186 04 06 25 27 29
110187 04 07 11 18 19
110188 02 04 08 11 22
110189 09 12 18 22 38
110190 08 22 23 29 31
110191 17 20 28 30 38
110192 01 03 07 19 30
110193 05 25 27 35 37
110194 03 08 18 30 37
110195 07 10 16 24 34
110196 03 17 19 35 37
110197 10 11 15 16 36
110198 08 12 19 26 38
110199 01 05 10 31 38
110200 18 24 29 31 33
110201 06 11 24 29 37
110202 08 17 20 24 27
110203 14 15 26 31 34
110204 03 11 32 36 39
110205 03 18 23 32 33
110206 02 05 12 32 37
110207 02 14 24 36 39
110208 04 15 28 29 35
110209 07 12 18 19 39
110210 04 20 27 29 35
110211 02 08 28 37 38
110212 08 15 27 33 35
110213 04 09 22 26 39
110214 01 07 15 17 38
110215 04 07 12 28 37
110216 04 12 20 23 27
110217 03 08 17 25 39
110218 04 06 12 14 25
110219 03 06 09 32 39
110220 02 06 17 19 38
110221 01 03 06 19 32
110222 07 12 16 19 33
110223 01 17 23 30 34
110224 01 05 12 22 34
110225 10 11 31 35 39
110226 10 18 29 31 34
110227 15 18 19 20 35
110228 05 12 22 32 36
110229 02 03 30 33 34
110230 04 15 16 23 30
110231 01 14 28 29 30
110232 03 09 28 32 35
110233 02 03 11 19 38
110234 06 07 19 23 35
110235 01 10 19 28 37
110236 09 15 19 20 25
110237 22 26 30 31 37
110238 05 24 25 30 39
110239 04 08 13 18 22
110240 15 16 26 28 38
110241 21 23 27 36 37
110242 06 13 20 30 36
110243 06 18 24 26 30
110244 02 16 22 24 29
110245 01 05 11 17 31
110246 04 05 11 16 33
110247 01 29 35 38 39
110248 11 12 25 28 30
110249 02 08 09 18 28
110250 10 11 20 22 34
110251 11 21 24 31 32
110252 01 04 11 34 36
110253 06 21 25 29 36
110254 04 13 22 24 34
110255 02 14 27 31 36
110256 06 10 32 34 39
110257 13 20 23 30 33
110258 14 18 20 23 39
110259 03 09 21 33 35
110260 17 26 27 33 34
110261 07 12 18 25 33
110262 02 19 22 35 38
110263 01 12 21 25 32
110264 05 15 21 32 34
110265 09 11 14 28 30
110266 02 13 24 25 32
110267 06 13 15 18 26
110268 13 23 25 27 34
110269 05 09 17 24 26
110270 13 15 17 18 35
110271 02 19 25 32 34
110272 01 02 08 26 37
110273 02 20 25 32 35
110274 01 04 07 20 32
110275 04 12 17 22 24
110276 03 15 22 32 38
110277 21 24 25 26 36
110278 08 11 23 32 36
110279 03 05 19 20 30
110280 23 27 28 35 36
110281 04 10 17 24 26
110282 10 14 16 20 24
110283 08 19 20 24 34
110284 14 15 16 25 28
110285 03 05 07 15 17
110286 01 05 06 07 24
110287 01 07 17 29 36
110288 02 17 20 23 39
110289 02 15 24 26 31
110290 13 14 32 34 36
110291 15 16 21 27 29
110292 05 09 23 30 38
110293 09 13 25 28 29
110294 08 10 11 18 28
110295 03 05 21 27 30
110296 03 13 16 31 33
110297 03 19 34 35 36
110298 11 13 33 34 35
110299 01 06 10 19 25
110300 04 13 20 28 35
110301 12 18 23 25 36
110302 14 15 21 26 33
110303 05 09 18 28 33
110304 21 23 32 34 38
110305 03 05 13 16 29
110306 06 07 16 18 25
110307 08 15 19 29 39
110308 07 10 20 31 37
110309 04 07 10 13 31
110310 14 23 34 35 36
110311 02 03 18 23 30
110312 08 10 18 20 27
110313 05 11 17 27 39
111001 04 06 07 23 36
111002 03 07 09 36 38
111003 02 05 11 27 30
111004 06 15 18 27 38
111005 01 16 22 35 39
111006 12 13 25 26 39
111007 02 04 18 30 39
111008 03 09 10 14 37
111009 02 11 17 20 36
111010 03 07 13 16 28
111011 01 05 26 28 39
111012 04 06 08 09 17
111013 14 21 27 32 33
111014 01 22 24 33 36
111015 01 16 19 26 38
111016 09 15 17 26 38
111017 03 31 33 35 38
111018 13 17 18 35 39
111019 06 27 29 32 38
111020 05 11 24 30 38
111021 08 19 20 24 37
111022 12 22 29 30 36
111023 03 09 24 34 35
111024 01 16 20 30 31
111025 08 12 18 23 38
111026 05 16 17 33 38
111027 17 20 22 38 39
111028 14 15 19 22 25
111029 09 12 25 35 39
111030 06 15 19 23 39
111031 01 02 12 19 34
111032 10 20 31 34 38
111033 08 11 19 23 34
111034 02 11 17 18 38
111035 12 14 35 37 38
111036 14 29 35 38 39
111037 04 07 11 21 22
111038 09 14 21 28 34
111039 05 09 15 29 33
111040 05 16 22 23 30
111041 04 07 15 32 37
111042 03 08 15 17 26
111043 23 27 31 34 35
111044 01 06 15 22 36
111045 08 13 23 25 37
111046 02 11 16 28 38
111047 10 11 28 30 33
111048 05 17 22 35 39
111049 13 17 24 34 35
111050 07 17 18 34 37
111051 10 15 17 28 32
111052 06 15 16 21 23
111053 05 11 16 24 27
111054 03 13 14 16 26
111055 10 12 18 30 34
111056 10 11 24 32 38
111057 09 10 11 25 35
111058 01 05 21 24 28
111059 12 14 19 33 34
111060 04 06 11 20 29
111061 07 10 14 17 20
111062 10 16 17 19 23
111063 02 04 07 30 38
111064 10 18 19 33 35
111065 18 19 26 34 37
111066 03 14 23 29 30
111067 02 10 25 26 35
111068 03 06 07 21 24
111069 09 27 29 34 35
111070 12 13 20 27 30
111071 01 12 13 19 31
111072 08 12 13 14 18
111073 03 12 22 33 39
111074 06 17 21 25 29
111075 03 16 26 27 36
111076 01 21 28 29 34
111077 05 08 12 17 19
111078 05 07 17 25 37
111079 03 13 23 26 32
111080 04 17 29 32 37
111081 07 09 31 37 39
111082 02 03 09 29 33
111083 03 07 25 36 37
111084 02 05 20 21 23
111085 02 20 26 27 37
111086 09 20 29 36 39
111087 19 23 32 34 36
111088 15 18 20 22 23
111089 11 13 17 18 29
111090 07 15 19 25 27
111091 06 07 13 20 30
111092 11 18 20 35 38
111093 10 24 25 29 32
111094 02 06 26 29 37
111095 01 05 15 19 36
111096 03 07 11 20 27
111097 10 23 26 33 39
111098 02 07 09 19 21
111099 08 20 21 25 38
111100 03 14 25 29 30
111101 10 14 16 24 36
111102 07 14 31 32 38
111103 04 13 29 32 37
111104 03 09 10 12 34
111105 08 12 14 22 28
111106 02 03 11 23 27
111107 09 18 29 31 33
111108 02 07 11 13 31
111109 01 04 14 37 38
111110 11 12 15 21 38
111111 04 10 14 19 20
111112 04 05 06 10 33
111113 03 09 22 33 37
111114 03 15 16 19 31
111115 01 12 19 22 31
111116 17 20 23 25 36
111117 24 27 31 34 37
111118 06 09 18 24 37
111119 05 15 22 35 36
111120 11 13 24 37 39
111121 01 15 24 27 36
111122 09 12 18 25 38
111123 01 09 11 14 30
111124 02 11 13 18 37
111125 09 15 27 28 30
111126 08 13 28 30 36
111127 07 23 28 30 35
111128 01 04 21 25 31
111129 03 04 12 21 22
111130 01 08 09 12 28
111131 05 22 25 27 34
111132 17 23 30 34 39
111133 07 10 32 34 37
111134 04 06 29 36 37
111135 16 17 18 19 21
111136 06 17 23 29 38
111137 01 04 12 33 34
111138 06 15 24 36 37
111139 04 09 13 32 33
111140 02 04 07 12 16
111141 01 03 13 26 27
111142 05 11 27 32 36
111143 02 06 11 13 19
111144 05 14 21 35 39
111145 07 17 19 28 29
111146 01 10 16 35 37
111147 01 16 23 31 39
111148 11 17 27 33 38
111149 04 12 19 20 33
111150 08 15 25 31 38
111151 01 08 12 31 38
111152 01 03 26 31 35
111153 08 11 17 21 38
111154 06 21 28 36 37
111155 08 10 16 24 34
111156 01 02 08 22 33
111157 03 11 20 21 28
111158 05 11 17 31 38
111159 13 16 21 22 26
111160 13 14 18 27 30
111161 09 14 18 23 35
111162 01 20 25 30 39
111163 08 12 21 24 38
111164 07 15 16 19 37
111165 01 03 05 27 31
111166 04 14 27 34 35
111167 05 16 21 25 26
111168 03 22 24 33 36
111169 10 14 25 30 35
111170 04 10 22 32 35
111171 02 11 16 25 38
111172 04 08 16 29 34
111173 04 10 12 26 36
111174 09 11 24 26 28
111175 05 27 32 33 38
111176 24 25 35 36 37
111177 02 13 19 25 29
111178 04 05 14 29 30
111179 04 09 25 28 34
111180 03 29 34 38 39
111181 05 07 12 34 38
111182 02 03 08 18 27
111183 06 11 18 22 26
111184 15 19 26 29 34
111185 02 26 28 32 37
111186 07 09 12 16 21
111187 06 11 18 21 35
111188 17 19 33 34 39
111189 09 11 31 36 39
111190 03 08 16 23 36
111191 08 09 16 21 29
111192 01 06 13 24 36
111193 02 17 22 35 36
111194 03 11 13 14 17
111195 07 10 19 26 34
111196 16 21 26 30 36
111197 04 15 20 35 36
111198 26 28 31 37 39
111199 11 13 29 31 35
111200 06 13 14 25 38
111201 05 08 12 15 24
111202 04 07 26 33 34
111203 03 10 25 28 36
111204 12 23 25 28 34
111205 12 17 19 26 36
111206 16 19 23 33 37
111207 08 29 32 36 38
111208 15 17 21 25 36
111209 02 06 08 15 17
111210 02 19 24 25 38
111211 09 10 20 27 39
111212 07 10 16 20 21
111213 04 11 17 26 36
111214 04 08 10 27 35
111215 05 14 17 34 36
111216 20 22 28 36 37
111217 06 08 25 35 37
111218 06 14 24 37 38
111219 13 14 20 33 35
111220 08 16 22 27 29
111221 04 05 18 30 35
111222 10 15 28 33 36
111223 10 18 19 25 29
111224 04 12 15 17 19
111225 07 09 11 16 39
111226 01 14 23 24 39
111227 10 14 20 24 31
111228 01 12 25 38 39
111229 17 28 34 35 38
111230 02 07 10 11 23
111231 03 27 36 37 39
111232 07 14 28 31 38
111233 03 17 22 23 25
111234 18 21 25 33 35
111235 03 05 14 15 25
111236 24 29 31 32 37
111237 06 12 17 31 35
111238 01 07 20 22 37
111239 10 11 13 22 38
111240 02 08 12 29 36
111241 06 18 21 23 35
111242 01 08 13 21 34
111243 04 07 10 15 39
111244 01 08 10 14 20
111245 09 12 15 23 29
111246 01 06 12 22 24
111247 07 08 23 30 36
111248 02 05 16 21 39
111249 07 14 16 25 27
111250 01 04 05 11 12
111251 03 04 06 11 36
111252 03 08 24 28 35
111253 01 03 07 10 23
111254 09 17 33 35 36
111255 09 19 20 22 26
111256 05 09 13 18 39
111257 09 22 29 30 39
111258 01 18 22 28 36
111259 08 16 20 25 34
111260 09 21 23 24 27
111261 14 17 18 26 33
111262 04 13 18 24 34
111263 03 18 27 31 35
111264 02 03 10 22 31
111265 01 06 17 28 32
111266 11 12 19 28 37
111267 03 14 16 19 22
111268 04 08 20 30 35
111269 13 19 23 27 31
111270 02 04 12 21 22
111271 05 13 19 31 33
111272 05 19 27 35 36
111273 02 04 15 18 33
111274 01 06 07 15 35
111275 03 13 22 27 30
111276 01 04 05 07 09
111277 17 21 22 31 35
111278 01 08 21 28 38
111279 06 10 16 19 30
111280 02 22 27 30 37
111281 04 17 27 33 37
111282 08 18 25 28 36
111283 11 18 20 24 26
111284 07 09 17 27 39
111285 08 11 14 25 29
111286 09 13 16 24 37
111287 14 16 24 26 30
111288 01 03 04 13 18
111289 11 13 21 28 29
111290 05 14 16 18 24
111291 12 13 16 18 25
111292 01 10 25 34 36
111293 16 19 21 22 23
111294 12 13 17 35 37
111295 08 10 18 29 39
111296 13 16 23 27 28
111297 01 09 12 27 28
111298 10 12 16 31 36
111299 01 06 14 18 24
111300 03 14 15 19 34
111301 03 10 11 12 24
111302 06 09 13 21 35
111303 06 09 13 25 29
111304 12 13 20 24 32
111305 03 07 09 18 33
111306 23 27 29 30 35
111307 01 03 04 31 34
111308 02 06 12 13 28
111309 08 20 31 35 38
111310 06 16 18 24 27
111311 01 08 18 25 38
111312 04 05 08 10 29
111313 01 10 15 20 26
112001 06 08 10 12 25
112002 12 14 25 30 34
112003 08 18 29 31 36
112004 17 26 29 36 39
112005 10 30 35 38 39
112006 03 06 08 23 30
112007 06 13 30 31 34
112008 02 08 18 22 29
112009 23 26 31 34 35
112010 03 14 26 29 37
112011 04 09 26 29 31
112012 04 08 12 23 29
112013 04 07 11 12 29
112014 04 06 26 28 39
112015 06 12 18 34 39
112016 01 03 12 28 34
112017 05 06 15 19 25
112018 08 12 14 28 35
112019 04 12 13 14 22
112020 06 08 16 19 31
112021 01 05 15 19 20
112022 06 10 12 33 36
112023 02 16 19 24 27
112024 09 18 29 32 38
112025 08 17 18 25 36
112026 02 03 06 23 38
112027 16 19 23 36 38
112028 11 12 27 30 38
112029 01 07 19 21 31
112030 13 15 18 22 24
112031 03 15 16 28 31
112032 01 13 25 26 27
112033 13 15 17 28 37
112034 22 32 35 38 39
112035 04 17 25 26 34
112036 07 27 30 31 39
112037 05 06 16 31 34
112038 09 12 16 28 37
112039 04 23 24 32 37
112040 05 17 25 35 39
112041 09 22 25 27 31
112042 08 12 18 20 32
112043 14 24 30 32 38
112044 02 17 25 29 37
112045 02 11 16 17 37
112046 07 11 13 17 27
112047 08 11 12 16 30
112048 04 06 27 38 39
112049 05 21 31 33 38
112050 06 08 23 27 33
112051 26 30 32 36 37
112052 01 04 09 24 37
112053 08 16 17 34 35
112054 04 09 25 32 39
112055 01 08 19 21 37
112056 05 09 10 17 19
112057 15 19 22 24 39
112058 11 26 30 38 39
112059 08 15 33 35 39
112060 04 07 14 22 24
112061 02 10 23 30 35
112062 15 18 22 24 30
112063 09 15 25 26 33
112064 10 21 25 37 38
112065 05 11 17 27 32
112066 03 07 22 30 37
112067 05 10 18 20 37
112068 03 12 16 22 38
112069 02 05 17 27 37
112070 05 12 33 36 38
112071 08 19 27 34 37
112072 06 10 24 33 35
112073 06 10 11 32 39
112074 02 05 09 10 32
112075 16 32 36 37 39
112076 07 13 18 25 39
112077 02 21 26 27 35
112078 09 10 16 21 26
112079 06 07 22 23 33
112080 02 13 27 31 38
112081 03 06 21 31 38
112082 09 11 24 37 39
112083 10 16 31 36 39
112084 08 18 20 27 31
112085 06 25 30 34 36
112086 01 05 06 37 38
112087 04 10 11 17 38
112088 13 14 18 26 29
112089 03 05 17 31 36
112090 01 09 17 31 37
112091 04 09 16 32 33
112092 11 17 21 31 33
112093 15 20 33 34 39
112094 04 19 22 29 37
112095 02 07 26 28 32
112096 10 14 21 27 29
112097 01 10 16 21 24
112098 01 05 12 34 36
112099 02 20 21 29 33
112100 03 13 22 32 39
112101 07 10 11 36 39
112102 06 08 22 32 38
112103 10 14 20 28 31
112104 01 03 05 27 29
112105 05 07 26 34 35
112106 14 23 25 26 34
112107 01 07 24 30 32
112108 04 05 26 28 32
112109 03 07 27 29 34
112110 02 04 13 23 36
112111 11 12 25 31 37
112112 04 05 09 27 34
112113 14 20 21 23 25
112114 03 12 15 27 35
112115 05 06 07 08 24
112116 13 25 27 36 38
112117 05 11 14 30 38
112118 08 20 32 34 36
112119 16 27 33 34 36
112120 01 10 24 28 34
112121 10 15 25 31 39
112122 10 14 34 35 38
112123 08 10 16 21 34
112124 14 16 18 20 33
112125 06 07 13 22 29
112126 01 18 24 25 39
112127 01 10 14 27 37
112128 05 12 15 20 21
112129 05 06 07 34 36
112130 08 18 25 27 34
112131 04 08 09 22 37
112132 03 07 13 23 34
112133 01 05 16 20 29
112134 11 18 26 29 37
112135 03 07 08 11 29
112136 01 12 15 23 38
112137 02 13 15 17 29
112138 01 08 09 19 28
112139 08 13 19 22 26
112140 24 29 34 36 37
112141 01 06 21 32 34
112142 02 11 15 18 21
112143 09 12 24 28 39
112144 02 09 20 29 36
112145 01 13 33 36 39
112146 11 25 27 34 37
112147 02 09 23 30 38
112148 06 10 33 34 39
112149 11 13 20 24 30
112150 07 10 13 14 22
112151 05 14 15 20 26
112152 04 12 14 28 39
112153 05 08 21 32 33
112154 02 10 14 17 27
112155 03 11 20 30 36
112156 07 08 12 22 39
112157 13 28 33 34 39
112158 14 26 27 29 35
112159 05 07 08 25 30
112160 02 14 17 21 33
112161 12 16 25 28 30
112162 01 04 18 24 33
112163 01 04 15 19 37
112164 24 25 35 36 38
112165 01 02 09 10 32
112166 04 06 10 19 32
112167 12 14 20 25 37
112168 08 16 19 21 22
112169 01 18 22 29 30
112170 12 15 23 29 38
112171 02 12 20 22 35
112172 13 18 20 23 31
112173 09 26 27 31 39
112174 04 09 15 24 32
112175 02 13 31 34 37
112176 15 18 19 26 32
112177 06 13 33 37 38
112178 10 13 18 37 39
112179 01 07 13 20 26
112180 15 18 20 30 37
112181 03 13 19 21 35
112182 01 03 10 15 30
112183 03 10 11 25 29
112184 03 09 12 30 33
112185 07 16 20 35 38
112186 04 09 10 15 34
112187 08 14 29 32 34
112188 07 10 19 28 29
112189 03 12 15 30 39
112190 01 13 14 30 38
112191 06 23 24 38 39
112192 08 23 27 31 32
112193 17 18 26 28 33
112194 14 23 26 33 37
112195 02 07 09 19 28
112196 04 15 18 27 34
112197 06 14 23 34 38
112198 09 14 15 23 28
112199 06 07 24 25 36
112200 09 11 12 27 36
112201 02 07 19 23 28
112202 05 14 23 29 34
112203 05 11 23 30 32
112204 06 07 09 24 27
112205 01 13 17 26 31
112206 02 04 10 13 37
112207 13 16 33 35 36
112208 11 14 19 30 39
112209 01 17 19 31 34
112210 11 15 22 25 34
112211 06 17 18 20 37
112212 12 16 20 21 34
112213 04 10 23 28 29
112214 10 24 27 36 37
112215 06 08 14 23 31
112216 11 13 31 35 39
112217 06 12 31 33 39
112218 02 16 17 21 31
112219 03 09 18 21 39
112220 05 08 10 17 28
112221 01 09 12 18 20
112222 04 14 23 25 38
112223 03 14 21 23 36
112224 10 24 26 36 39
112225 06 11 17 20 21
112226 01 04 16 25 37
112227 01 12 18 26 32
112228 20 26 32 35 39
112229 04 06 10 25 38
112230 01 03 05 28 39
112231 14 15 19 24 34
112232 04 11 14 17 19
112233 10 12 27 30 39
112234 03 14 19 20 21
112235 01 02 08 13 37
112236 01 02 12 13 30
112237 09 19 21 33 38
112238 09 12 18 26 37
112239 03 04 19 26 29
112240 03 18 26 34 35
112241 08 13 16 23 29
112242 03 05 08 18 34
112243 29 31 32 35 39
112244 24 27 33 38 39
112245 02 04 05 18 22
112246 01 04 08 16 26
112247 03 09 10 18 31
112248 06 10 13 14 38
112249 02 03 11 27 28
112250 06 07 09 11 26
112251 08 10 22 23 36
112252 04 16 22 30 34
112253 01 04 15 29 35
112254 03 28 33 36 39
112255 05 13 19 33 38
112256 10 15 16 26 37
112257 01 03 05 09 25
112258 01 05 10 31 36
112259 15 22 27 30 38
112260 03 09 29 36 39
112261 11 23 26 33 35
112262 03 06 07 33 37
112263 04 16 17 18 19
112264 05 12 24 27 37
112265 04 05 26 37 39
112266 03 04 17 25 35
112267 03 19 23 27 31
112268 02 12 30 35 36
112269 06 19 25 37 39
112270 17 31 33 34 35
112271 13 17 36 37 38
112272 01 14 19 27 37
112273 01 21 24 27 38
112274 01 02 06 13 18
112275 12 20 21 25 30
112276 02 17 22 30 36
112277 08 16 19 21 37
112278 24 26 28 37 39
112279 02 25 28 32 34
112280 03 08 13 17 37
112281 09 15 27 37 38
112282 04 11 16 20 22
112283 02 05 22 32 35
112284 15 17 28 35 38
112285 09 11 14 30 35
112286 04 12 20 22 34
112287 04 09 15 18 29
112288 22 23 31 33 36
112289 11 12 16 22 29
112290 01 07 11 14 29
112291 04 20 23 32 38
112292 03 06 07 11 22
112293 03 05 11 16 23
112294 07 08 19 20 31
112295 02 05 13 25 33
112296 05 10 22 32 38
112297 05 06 07 20 22
112298 06 08 13 35 36
112299 06 07 14 30 35
112300 08 14 16 32 38
112301 10 11 14 26 32
112302 02 16 17 26 33
112303 19 21 26 31 37
112304 03 04 05 09 10
112305 06 11 24 32 37
112306 13 17 21 25 28
112307 02 19 29 30 39
112308 11 18 23 27 37
112309 10 21 33 35 38
112310 18 20 28 30 37
112311 09 14 22 27 39
112312 04 11 17 20 32
113001 03 09 27 30 33
113002 21 22 25 30 37
113003 01 05 21 32 37
113004 11 27 28 29 37
113005 10 11 14 21 33
113006 01 16 33 37 39
113007 07 22 35 38 39
113008 09 17 19 23 27
113009 03 06 15 19 24
113010 15 23 34 36 37
113011 01 03 12 23 31
113012 14 20 27 33 38
113013 01 03 10 11 35
113014 02 05 09 27 29
113015 10 17 32 38 39
113016 10 27 31 32 33
113017 02 03 13 17 35
113018 15 20 28 36 37
113019 03 15 17 25 36
113020 08 16 18 19 35
113021 04 12 29 33 36
113022 01 14 32 34 36
113023 06 09 12 22 31
113024 01 08 09 30 35
113025 01 03 18 22 28
113026 03 11 21 23 36
113027 06 10 21 32 38
113028 10 17 19 29 37
113029 10 22 26 32 33
113030 14 20 21 23 34
113031 12 15 16 23 28
113032 06 13 16 32 39
113033 06 11 15 28 31
113034 20 25 31 35 38
113035 06 20 22 36 37
113036 03 18 19 21 22
113037 06 08 22 29 38
113038 23 24 28 30 31
113039 04 16 27 30 37
113040 02 04 15 17 30
113041 07 11 16 34 36
113042 12 18 31 38 39
113043 05 09 17 24 25
113044 21 26 29 30 34
113045 01 03 04 35 37
113046 03 05 12 15 33
113047 01 03 15 18 35
113048 02 07 10 15 33
113049 23 25 29 31 32
113050 11 27 30 31 38
113051 07 14 28 29 38
113052 07 15 22 26 37
113053 05 12 13 21 36
113054 17 19 29 36 37
113055 01 03 05 19 38
113056 26 34 36 37 39
113057 09 19 23 36 38
113058 02 06 20 23 36
113059 08 11 15 20 36
113060 05 10 27 37 38
113061 02 08 16 18 36
113062 12 21 23 38 39
113063 08 12 22 35 36
113064 18 19 22 26 28
113065 07 08 09 14 34
113066 02 06 16 27 39
113067 11 16 18 19 25
113068 10 16 26 38 39
113069 05 24 29 34 35
113070 01 02 04 13 27
113071 07 11 12 24 38
113072 07 17 27 28 33
113073 04 11 20 34 36
113074 05 07 30 35 38
113075 10 21 23 27 30
113076 01 10 16 26 29
113077 11 12 18 23 24
113078 02 12 15 24 35
113079 05 09 14 20 33
113080 04 10 12 23 26
113081 01 03 06 21 27
113082 08 14 22 27 35
113083 01 13 31 34 35
113084 04 07 15 22 30
113085 03 09 21 27 36
113086 12 21 24 25 39
113087 02 03 21 26 30
113088 13 15 18 19 33
113089 01 03 10 14 31
113090 01 02 09 19 31
113091 03 09 10 13 17
113092 06 17 21 26 28
113093 15 28 35 36 39
113094 06 13 15 25 28
113095 02 10 21 22 38
113096 03 12 20 34 35
113097 06 14 20 28 35
113098 17 18 32 35 37
113099 03 06 10 17 28
113100 16 20 21 22 25
113101 10 14 25 31 36
113102 09 15 22 34 36
113103 04 10 12 21 27
113104 03 07 12 17 37
113105 09 24 32 36 39
113106 03 06 13 28 35
113107 05 06 11 16 37
113108 02 07 13 18 28
113109 12 28 31 35 39
113110 04 09 18 25 39
113111 12 13 16 26 37
113112 05 06 11 31 35
113113 01 12 31 38 39
113114 01 07 11 15 29
113115 04 14 33 36 37
113116 07 11 18 20 22
113117 04 06 14 26 33
113118 09 10 21 33 35
113119 14 19 27 30 38
113120 05 10 11 32 37
113121 03 05 28 32 34
113122 01 03 16 24 31
113123 11 13 15 23 29
113124 14 23 26 27 34
113125 05 16 22 26 39
113126 01 15 32 34 38
113127 05 13 14 17 24
113128 16 23 29 36 39
113129 01 07 09 20 32
113130 02 09 32 36 37
113131 08 12 13 23 36
113132 04 20 24 28 38
113133 06 10 21 24 31
113134 07 11 17 23 25
113135 03 04 06 14 20
113136 03 11 20 21 36
113137 01 04 27 34 35
113138 11 19 24 31 32
113139 18 19 30 33 38
113140 03 13 26 32 34
113141 14 19 20 29 32
113142 03 12 17 30 38
113143 01 02 17 20 37
113144 05 08 35 36 37
113145 02 08 26 32 34
113146 02 09 15 29 38
113147 02 10 11 14 22
113148 12 13 16 20 32
113149 10 12 15 16 23
113150 01 21 22 25 27
113151 03 13 17 32 39
113152 25 26 32 36 37
113153 02 21 37 38 39
113154 15 18 27 28 31
113155 12 16 25 27 39
113156 02 17 26 33 35
113157 08 11 17 19 23
113158 03 15 16 20 22
113159 04 20 25 33 34
113160 09 12 15 26 33
113161 17 18 23 24 28
113162 04 21 24 33 35
113163 11 17 20 22 29
113164 02 13 31 33 36
113165 01 09 14 31 33
113166 01 02 13 23 37
113167 08 17 18 19 36
113168 16 21 23 29 30
113169 01 19 22 25 37
113170 07 24 26 34 36
113171 08 10 26 28 37
113172 05 17 24 33 34
113173 14 19 24 30 36
113174 01 11 27 29 31
113175 06 20 26 30 34
113176 07 11 12 37 38
113177 02 03 21 23 34
113178 01 09 17 18 39
113179 11 12 18 20 36
113180 01 11 15 18 37
113181 01 12 14 24 30
113182 02 04 16 29 38
113183 12 18 36 37 38
113184 12 24 27 30 35
113185 01 19 22 24 38
113186 11 12 26 27 32
113187 06 07 11 17 36
113188 01 06 12 29 37
113189 04 05 16 19 30
113190 02 09 13 19 28
113191 02 07 08 10 12
113192 01 21 28 38 39
113193 08 12 24 28 34
113194 09 15 20 28 32
113195 06 09 24 30 34
113196 07 14 20 27 39
113197 09 17 18 32 35
113198 06 14 32 33 36
113199 02 09 12 16 36
113200 07 28 30 34 39
113201 01 02 12 13 22
113202 02 08 16 34 37
113203 09 11 30 34 39
113204 25 26 28 29 37
113205 05 09 11 23 33
113206 05 13 21 34 35
113207 06 16 34 35 36
113208 04 21 26 29 36
113209 03 05 14 22 36
113210 09 15 21 36 37
113211 16 20 24 31 37
113212 11 14 19 23 24
113213 09 26 27 31 35
113214 10 13 27 32 37
113215 14 27 31 36 39
113216 05 09 28 36 38
113217 05 16 17 36 37
113218 06 34 35 36 39
113219 05 08 14 20 26
113220 03 08 13 27 33
113221 06 08 25 37 39
113222 03 29 34 35 37
113223 12 15 18 19 26
113224 07 09 31 38 39
113225 02 09 16 18 23
113226 16 19 22 26 37
113227 04 07 30 32 38
113228 09 22 25 35 39
113229 04 12 14 17 35
113230 04 10 19 30 31
113231 02 05 10 12 37
113232 04 06 14 16 20
113233 03 27 34 37 39
113234 10 20 24 35 39
113235 07 10 24 27 31
113236 20 23 30 31 35
113237 07 08 13 22 34
113238 01 06 15 19 39
113239 05 11 27 38 39
113240 02 05 08 14 32
113241 02 10 17 21 39
113242 01 11 13 25 37
113243 12 17 25 31 34
113244 03 25 29 35 38
113245 14 15 16 24 29
113246 14 21 22 23 35
113247 04 14 19 25 32
113248 02 19 27 33 35
113249 15 20 27 30 31
113250 01 18 21 36 37
113251 04 11 26 34 38
113252 11 15 24 36 37
113253 01 09 17 31 35
113254 07 16 25 32 34
113255 10 18 19 26 37
113256 01 04 08 20 22
113257 06 08 15 28 39
113258 13 15 18 26 28
113259 01 06 13 22 39
113260 09 12 25 29 35
113261 10 11 17 24 33
113262 08 13 25 36 38
113263 04 08 11 19 31
113264 06 07 16 37 38
113265 03 07 10 26 35
113266 01 08 18 27 30
113267 06 11 14 18 22
113268 06 10 20 25 32
113269 01 09 13 31 32
113270 02 03 10 21 36
113271 07 14 20 24 26
113272 05 08 17 24 28
113273 03 11 18 21 35
113274 05 11 17 25 30
113275 02 18 27 29 39
113276 04 24 29 33 37
113277 03 05 23 26 27
113278 10 14 21 32 33
113279 13 20 30 31 33
113280 04 12 13 23 25
113281 03 07 08 17 30
113282 03 13 28 29 38
113283 03 06 19 20 38
113284 01 05 11 27 29
113285 07 13 14 21 35
113286 05 09 20 29 34
113287 03 11 18 25 35
113288 04 11 16 17 24
113289 05 13 23 29 38
113290 07 12 15 16 18
113291 12 27 33 35 38
113292 05 19 23 28 39
113293 02 15 20 33 38
113294 06 24 31 32 33
113295 08 09 20 28 32
113296 07 12 13 21 24
113297 04 22 32 34 37
113298 02 11 16 23 29
113299 02 09 20 34 38
113300 03 07 08 12 35
113301 05 11 21 23 26
113302 03 05 07 16 31
113303 03 24 27 33 37
113304 07 08 11 27 33
113305 03 09 16 19 26
113306 12 13 14 18 32
113307 02 06 13 18 22
113308 01 14 15 28 39
113309 06 18 21 29 38
113310 05 07 12 20 38
113311 07 15 19 20 38
113312 17 18 24 26 30
113313 03 20 23 27 31
113314 11 15 32 33 34
114001 02 07 08 10 14
114002 12 26 30 32 33
114003 05 06 08 11 14
114004 08 09 12 21 23
114005 07 21 22 27 35
114006 13 23 27 31 37
114007 12 18 20 24 31
114008 02 08 19 21 29
114009 09 11 15 18 20
114010 05 12 13 19 34
114011 04 12 28 35 38
114012 10 22 31 35 36
114013 03 21 22 26 39
114014 09 13 23 29 34
114015 04 07 08 24 26
114016 07 12 18 35 39
114017 03 12 19 32 34
114018 01 14 18 19 22
114019 06 19 23 26 30
114020 04 07 17 22 35
114021 05 09 12 14 31
114022 01 07 32 36 37
114023 07 08 09 17 20
114024 01 06 16 26 31
114025 13 22 23 24 35
114026 04 11 25 31 32
114027 09 11 14 18 27
114028 01 05 09 14 26
114029 01 10 23 32 37
114030 09 16 29 32 39
114031 04 16 21 23 37
114032 01 08 16 19 31
114033 06 07 08 14 39
114034 03 07 22 29 34
114035 16 21 26 29 37
114036 08 24 28 37 38
114037 04 05 27 35 37
114038 12 22 26 28 35
114039 10 18 19 27 28
114040 02 06 19 28 29
114041 02 07 11 20 30
114042 11 17 29 34 39
114043 06 08 10 21 26
114044 09 15 29 30 39
114045 10 12 13 19 33
114046 03 27 28 33 38
114047 03 07 17 24 27
114048 11 13 18 30 35
114049 04 07 11 19 22
114050 08 17 18 24 36
114051 05 11 26 33 35
114052 03 11 24 27 36
114053 11 12 20 28 29
114054 05 27 31 38 39
114055 04 16 29 31 34
114056 08 09 12 22 27
114057 11 18 21 23 36
114058 15 23 29 36 39
114059 08 12 15 18 34
114060 09 10 19 33 35
114061 17 23 24 27 35
114062 02 04 07 25 37
114063 02 21 24 27 31
114064 06 14 27 30 33
114065 03 04 07 11 30
114066 06 08 18 19 28
114067 08 15 25 26 34
114068 07 11 13 26 30
114069 03 13 15 19 25
114070 11 15 25 29 34
114071 02 16 17 27 32
114072 05 09 15 20 26
114073 05 13 16 24 28
114074 07 25 32 34 35
114075 04 20 24 27 38
114076 01 10 12 32 35
114077 05 25 33 36 37
114078 13 24 25 36 39
114079 04 09 12 17 27
114080 07 10 13 23 26
114081 05 13 17 19 31
114082 04 08 29 32 34
114083 05 16 23 31 39
114084 03 06 07 36 38
114085 12 13 14 15 24
114086 01 06 19 26 33
114087 06 17 18 19 32
114088 04 06 14 24 35
114089 14 19 22 26 28
114090 15 17 26 27 35
114091 09 11 15 25 31
114092 09 10 22 30 33
114093 02 03 16 27 39
114094 07 22 25 29 38
114095 03 06 23 24 37
114096 07 24 28 31 36
114097 14 19 21 26 36
114098 02 06 12 14 24
114099 08 19 23 27 31
114100 01 16 19 27 33
114101 04 06 25 29 35
114102 01 05 24 33 36
114103 20 23 32 35 38
114104 06 12 17 38 39
114105 01 07 13 18 35
114106 22 26 30 31 38
114107 08 19 25 27 39
114108 05 12 20 24 28
114109 01 10 19 27 31
114110 04 05 08 10 11
114111 06 11 18 37 39
114112 07 09 21 28 38
114113 07 10 26 28 33
114114 04 11 19 21 34
114115 06 09 20 27 36
114116 08 10 26 27 38
114117 04 10 20 23 29
114118 01 14 18 24 38
114119 02 04 15 25 36
114120 02 13 24 27 39