114001 02 03 04 05 06
114002 03 04 05 06 07
114003 04 05 06 07 08
114004 05 06 07 08 09
114005 06 07 08 09 10
114006 07 08 09 10 11
114007 08 09 10 11 12
114008 09 10 11 12 13
114009 10 11 12 13 14
114010 11 12 13 14 15
114011 12 13 14 15 16
114012 13 14 15 16 17
114013 14 15 16 17 18
114014 15 16 17 18 19
114015 16 17 18 19 20
114016 17 18 19 20 21
114017 18 19 20 21 22
114018 19 20 21 22 23
114019 20 21 22 23 24
114020 21 22 23 24 25
114021 22 23 24 25 26
114022 23 24 25 26 27
114023 24 25 26 27 28
114024 25 26 27 28 29
114025 26 27 28 29 30
114026 27 28 29 30 31
114027 28 29 30 31 32
114028 29 30 31 32 33
114029 30 31 32 33 34
114030 31 32 33 34 35
114031 32 33 34 35 36
114032 33 34 35 36 37
114033 34 35 36 37 38
114034 35 36 37 38 39
114035 36 37 38 39 01
114036 37 38 39 01 02
114037 38 39 01 02 03
114038 39 01 02 03 04
114039 01 02 03 04 05
114040 02 03 04 05 06
114041 03 04 05 06 07
114042 04 05 06 07 08
114043 05 06 07 08 09
114044 06 07 08 09 10
114045 07 08 09 10 11
114046 08 09 10 11 12
114047 09 10 11 12 13
114048 10 11 12 13 14
114049 11 12 13 14 15
114050 12 13 14 15 16
114051 13 14 15 16 17
114052 14 15 16 17 18
114053 15 16 17 18 19
114054 16 17 18 19 20
114055 17 18 19 20 21
114056 18 19 20 21 22
114057 19 20 21 22 23
114058 20 21 22 23 24
114059 21 22 23 24 25
114060 22 23 24 25 26
114061 23 24 25 26 27
114062 24 25 26 27 28
114063 25 26 27 28 29
114064 26 27 28 29 30
114065 27 28 29 30 31
114066 28 29 30 31 32
114067 29 30 31 32 33
114068 30 31 32 33 34
114069 31 32 33 34 35
114070 32 33 34 35 36
114071 33 34 35 36 37
114072 34 35 36 37 38
114073 35 36 37 38 39
114074 36 37 38 39 01
114075 37 38 39 01 02
114076 38 39 01 02 03
114077 39 01 02 03 04
114078 01 02 03 04 05
114079 02 03 04 05 06
114080 03 04 05 06 07
114081 04 05 06 07 08
114082 05 06 07 08 09
114083 06 07 08 09 10
114084 07 08 09 10 11
114085 08 09 10 11 12
114086 09 10 11 12 13
114087 10 11 12 13 14
114088 11 12 13 14 15
114089 12 13 14 15 16
114090 13 14 15 16 17
114091 14 15 16 17 18
114092 15 16 17 18 19
114093 16 17 18 19 20
114094 17 18 19 20 21
114095 18 19 20 21 22
114096 19 20 21 22 23
114097 20 21 22 23 24
114098 21 22 23 24 25
114099 22 23 24 25 26
114100 23 24 25 26 27
114101 24 25 26 27 28
114102 25 26 27 28 29
114103 26 27 28 29 30
114104 27 28 29 30 31
114105 28 29 30 31 32
114106 29 30 31 32 33
114107 30 31 32 33 34
114108 31 32 33 34 35
114109 32 33 34 35 36
114110 33 34 35 36 37
114111 34 35 36 37 38
114112 35 36 37 38 39
114113 36 37 38 39 01
114114 37 38 39 01 02
114115 38 39 01 02 03
114116 39 01 02 03 04
114117 01 02 03 04 05
114118 02 03 04 05 06
114119 03 04 05 06 07
114120 04 05 06 07 08
114121 05 06 07 08 09
114122 06 07 08 09 10
114123 07 08 09 10 11
114124 08 09 10 11 12
114125 09 10 11 12 13
114126 10 11 12 13 14
114127 11 12 13 14 15
114128 12 13 14 15 16
114129 13 14 15 16 17
114130 14 15 16 17 18
114131 15 16 17 18 19
114132 16 17 18 19 20
114133 17 18 19 20 21
114134 18 19 20 21 22
114135 19 20 21 22 23
114136 20 21 22 23 24
114137 21 22 23 24 25
114138 22 23 24 25 26
114139 23 24 25 26 27
114140 24 25 26 27 28
114141 25 26 27 28 29
114142 26 27 28 29 30
114143 27 28 29 30 31
114144 28 29 30 31 32
114145 29 30 31 32 33
114146 30 31 32 33 34
114147 31 32 33 34 35
114148 32 33 34 35 36
114149 33 34 35 36 37
114150 34 35 36 37 38
114151 35 36 37 38 39
114152 36 37 38 39 01
114153 37 38 39 01 02
114154 38 39 01 02 03
114155 39 01 02 03 04
114156 01 02 03 04 05
114157 02 03 04 05 06
114158 03 04 05 06 07
114159 04 05 06 07 08
114160 05 06 07 08 09
114161 06 07 08 09 10
114162 07 08 09 10 11
114163 08 09 10 11 12
114164 09 10 11 12 13
114165 10 11 12 13 14
114166 11 12 13 14 15
114167 12 13 14 15 16
114168 13 14 15 16 17
114169 14 15 16 17 18
114170 15 16 17 18 19
114171 16 17 18 19 20
114172 17 18 19 20 21
114173 18 19 20 21 22
114174 19 20 21 22 23
114175 20 21 22 23 24
114176 21 22 23 24 25
114177 22 23 24 25 26
114178 23 24 25 26 27
114179 24 25 26 27 28
114180 25 26 27 28 29
114181 26 27 28 29 30
114182 27 28 29 30 31
114183 28 29 30 31 32
114184 29 30 31 32 33
114185 30 31 32 33 34
114186 31 32 33 34 35
114187 32 33 34 35 36
114188 33 34 35 36 37
114189 34 35 36 37 38
114190 35 36 37 38 39
114191 36 37 38 39 01
114192 37 38 39 01 02
114193 38 39 01 02 03
114194 39 01 02 03 04
114195 01 02 03 04 05
114196 02 03 04 05 06
114197 03 04 05 06 07
114198 04 05 06 07 08
114199 05 06 07 08 09
114200 06 07 08 09 10
